   1.0000000e+00   6.9540529e-01   3.7822672e-01   9.4429438e-02  -1.1115788e-02  -7.1105231e-03   5.6270764e-02  -1.8373315e-01  -2.9226378e-01   2.7797814e-03  -9.4540126e-02   3.7787103e-02  -2.1245426e-01  -2.7774280e-01  -1.3189285e-01  -1.9468389e-01  -3.2387848e-01  -1.7085565e-01  -2.7942218e-01  -1.6073195e-01   7.6865382e-02  -1.6038326e-01  -3.4866607e-01  -3.9106494e-01  -2.6664529e-01  -1.7635999e-01  -7.0673915e-02  -2.3005975e-01  -4.2053756e-01
   6.9540529e-01   1.0000000e+00   6.2202706e-01   2.7014593e-01   2.6906967e-01   3.3006420e-02   3.3520359e-01  -2.9022037e-02  -1.7970462e-01  -6.4139396e-03  -6.2993609e-02   8.4732533e-03  -1.4899715e-01  -6.9246502e-02  -2.6828143e-02  -6.7721035e-02  -4.3723316e-01  -9.4980529e-02  -3.1241116e-01  -9.6401287e-02   4.9947241e-02  -9.8543039e-02  -4.2781044e-01  -3.6348749e-01  -1.7015543e-01  -2.0477875e-01  -1.8974568e-01  -3.5675640e-01  -4.6309433e-01
   3.7822672e-01   6.2202706e-01   1.0000000e+00   5.3529727e-01   3.9630382e-01   1.4477813e-01   3.6702646e-01   1.5973745e-01   2.5565051e-02   6.0953110e-02   8.6387179e-02   2.7902969e-02   7.3578306e-02  -5.3338548e-02   6.2320141e-02   4.2889127e-02  -2.3114330e-01  -4.0074652e-03  -1.1947703e-01  -3.0913410e-02  -1.8101001e-02  -6.2144182e-02  -2.3262457e-01  -2.1051064e-01  -1.0414373e-01  -1.8996220e-01  -1.5956583e-01  -2.0150825e-01  -3.4348923e-01
   9.4429438e-02   2.7014593e-01   5.3529727e-01   1.0000000e+00   3.5130950e-01   4.4176064e-01   2.6100658e-01   2.1530547e-01  -2.3152802e-02   1.8639744e-01   3.1037923e-01   1.8038975e-01   1.6490704e-01  -1.0844046e-02   1.7317391e-01   1.4623883e-01  -1.5099497e-01   9.1242870e-02   4.1605348e-02   7.9125644e-02   3.9883904e-02   6.1584231e-02  -6.6849913e-02  -2.0869468e-01  -9.4620024e-03  -4.1503776e-02  -1.2877344e-01  -1.7934924e-01  -2.8263622e-01
  -1.1115788e-02   2.6906967e-01   3.9630382e-01   3.5130950e-01   1.0000000e+00   1.4297646e-01   7.0202304e-01   6.3870780e-01   3.3898732e-01   9.4343107e-02   3.7007208e-01   1.0940337e-02   2.5504878e-01   4.4584975e-01   3.3604223e-01   3.8678007e-01  -1.9657426e-01   2.1846066e-01  -3.8675019e-02   2.2557061e-01  -2.4534981e-02   1.7936516e-01  -1.1453528e-01   8.5792630e-03   2.4706408e-01  -2.2983439e-02  -3.3805064e-01  -3.0487330e-01  -1.9017146e-01
  -7.1105231e-03   3.3006420e-02   1.4477813e-01   4.4176064e-01   1.4297646e-01   1.0000000e+00   6.6324222e-02   8.4874042e-02  -5.1585960e-02   2.2637024e-01   2.4811141e-01   2.0006177e-01   8.0490827e-02  -6.0268969e-03   1.1887218e-01   8.5199350e-02  -7.1928722e-02   6.6170121e-02   4.8099791e-02   5.8442625e-02   6.4297773e-02   4.0909488e-02  -9.0710097e-03  -1.5681551e-01  -3.6231497e-03   3.9911549e-02  -3.5848931e-02  -6.0452234e-02  -1.7139074e-01
   5.6270764e-02   3.3520359e-01   3.6702646e-01   2.6100658e-01   7.0202304e-01   6.6324222e-02   1.0000000e+00   4.6212093e-01   4.1530272e-01   4.5121220e-02   2.6909896e-01  -2.1802518e-02   1.7629917e-01   4.8825936e-01   3.1873226e-01   4.1740201e-01  -2.5681932e-01   2.4197137e-01  -7.2187175e-02   2.6715540e-01  -4.1369246e-02   2.1552478e-01  -1.9417218e-01  -1.7643843e-02   3.1288802e-01  -3.9025220e-02  -3.5332309e-01  -3.3430377e-01  -1.8799384e-01
  -1.8373315e-01  -2.9022037e-02   1.5973745e-01   2.1530547e-01   6.3870780e-01   8.4874042e-02   4.6212093e-01   1.0000000e+00   3.9987416e-01   1.4330345e-01   5.1289278e-01   8.2036784e-02   2.2005915e-01   4.6893745e-01   3.4385257e-01   3.8593434e-01   4.0641030e-03   2.7097543e-01   6.6926301e-02   2.8389132e-01  -1.6926676e-02   2.3475554e-01   5.0794211e-02   1.1666149e-01   3.0628203e-01   6.1685914e-02  -2.0586827e-01  -1.1681098e-01  -2.0694939e-03
  -2.9226378e-01  -1.7970462e-01   2.5565051e-02  -2.3152802e-02   3.3898732e-01  -5.1585960e-02   4.1530272e-01   3.9987416e-01   1.0000000e+00  -1.8976144e-02   1.2428444e-01  -9.7478914e-02   2.7635450e-01   4.4974358e-01   1.7848821e-01   2.9394007e-01   3.6511934e-01   2.1236009e-01   2.1625631e-01   1.6079460e-01  -1.5986167e-01   1.3937495e-01   2.5136514e-01   5.1686723e-01   3.4554793e-01  -6.1375348e-03  -8.9474140e-02   7.4591538e-02   3.4753241e-01
   2.7797814e-03  -6.4139396e-03   6.0953110e-02   1.8639744e-01   9.4343107e-02   2.2637024e-01   4.5121220e-02   1.4330345e-01  -1.8976144e-02   1.0000000e+00   5.2106782e-01   6.0975191e-01   1.0252420e-01  -9.8265620e-02   3.3662017e-01   1.9439993e-01  -1.2593109e-01   2.1556262e-01   9.4240646e-02   2.6570477e-01   3.2766713e-01   2.4409029e-01  -3.6517041e-02  -2.2661211e-01   7.5250446e-02   2.7233209e-01   6.6653524e-02  -1.0646753e-01  -2.5239095e-01
  -9.4540126e-02  -6.2993609e-02   8.6387179e-02   3.1037923e-01   3.7007208e-01   2.4811141e-01   2.6909896e-01   5.1289278e-01   1.2428444e-01   5.2106782e-01   1.0000000e+00   4.9850913e-01   2.2174891e-01   1.3948176e-01   4.2821631e-01   3.7433536e-01  -4.6723809e-02   2.8188386e-01   8.6630747e-02   3.6293118e-01   1.5800216e-01   2.9680519e-01   9.7252978e-03  -1.7188124e-01   2.0271049e-01   1.9763253e-01  -1.1415330e-01  -4.6704129e-02  -1.7524299e-01
   3.7787103e-02   8.4732533e-03   2.7902969e-02   1.8038975e-01   1.0940337e-02   2.0006177e-01  -2.1802518e-02   8.2036784e-02  -9.7478914e-02   6.0975191e-01   4.9850913e-01   1.0000000e+00   1.1734688e-02  -1.7391108e-01   2.4335520e-01   1.0121673e-01  -9.7669830e-02   1.7335820e-01   5.1882771e-02   2.3124392e-01   3.4448000e-01   2.0335296e-01  -4.6862078e-02  -2.6596989e-01   1.3354032e-02   2.5460478e-01   1.5386989e-01  -2.2176700e-02  -2.1851761e-01
  -2.1245426e-01  -1.4899715e-01   7.3578306e-02   1.6490704e-01   2.5504878e-01   8.0490827e-02   1.7629917e-01   2.2005915e-01   2.7635450e-01   1.0252420e-01   2.2174891e-01   1.1734688e-02   1.0000000e+00   1.3936034e-01   4.0685166e-01   5.1024204e-01   1.8594543e-01   4.4892687e-01   5.4266290e-01   3.1599736e-01  -2.1860450e-02   2.9388829e-01   5.6276052e-01   1.1093426e-01   4.0594281e-01   1.1847988e-01   8.4313970e-02   1.2708496e-01   2.1419350e-01
  -2.7774280e-01  -6.9246502e-02  -5.3338548e-02  -1.0844046e-02   4.4584975e-01  -6.0268969e-03   4.8825936e-01   4.6893745e-01   4.4974358e-01  -9.8265620e-02   1.3948176e-01  -1.7391108e-01   1.3936034e-01   1.0000000e+00   2.9031919e-01   4.1716531e-01  -7.1395417e-02   2.7177125e-01   3.4207203e-03   2.7824347e-01  -1.2822607e-01   2.1876417e-01  -6.3576753e-02   3.2883023e-01   4.4987521e-01   5.3442182e-02  -3.3469315e-01  -2.0908704e-01   1.4728566e-01
  -1.3189285e-01  -2.6828143e-02   6.2320141e-02   1.7317391e-01   3.3604223e-01   1.1887218e-01   3.1873226e-01   3.4385257e-01   1.7848821e-01   3.3662017e-01   4.2821631e-01   2.4335520e-01   4.0685166e-01   2.9031919e-01   1.0000000e+00   6.4515046e-01  -1.9211861e-01   6.9250157e-01   3.0473875e-01   6.6516377e-01   3.7548286e-01   6.1365720e-01   8.4807049e-02  -1.4199270e-01   5.0920111e-01   4.2969728e-01  -1.5994245e-01  -1.9726718e-01  -1.1565221e-01
  -1.9468389e-01  -6.7721035e-02   4.2889127e-02   1.4623883e-01   3.8678007e-01   8.5199350e-02   4.1740201e-01   3.8593434e-01   2.9394007e-01   1.9439993e-01   3.7433536e-01   1.0121673e-01   5.1024204e-01   4.1716531e-01   6.4515046e-01   1.0000000e+00  -1.1588994e-01   6.3675033e-01   2.6802164e-01   7.3960317e-01   1.5295590e-01   6.1088399e-01   1.8602298e-01  -5.3607723e-03   7.1989313e-01   3.2291245e-01  -1.8853037e-01  -1.2217281e-01   7.4348458e-02
  -3.2387848e-01  -4.3723316e-01  -2.3114330e-01  -1.5099497e-01  -1.9657426e-01  -7.1928722e-02  -2.5681932e-01   4.0641030e-03   3.6511934e-01  -1.2593109e-01  -4.6723809e-02  -9.7669830e-02   1.8594543e-01  -7.1395417e-02  -1.9211861e-01  -1.1588994e-01   1.0000000e+00  -1.1185932e-01   2.8416188e-01  -1.6544361e-01  -2.4238767e-01  -1.5709371e-01   5.3511379e-01   5.1992625e-01  -3.9419318e-02  -8.8797471e-02   2.7046006e-01   6.6897754e-01   6.0315124e-01
  -1.7085565e-01  -9.4980529e-02  -4.0074652e-03   9.1242870e-02   2.1846066e-01   6.6170121e-02   2.4197137e-01   2.7097543e-01   2.1236009e-01   2.1556262e-01   2.8188386e-01   1.7335820e-01   4.4892687e-01   2.7177125e-01   6.9250157e-01   6.3675033e-01  -1.1185932e-01   1.0000000e+00   4.7000311e-01   6.4533613e-01   2.4711582e-01   5.8845644e-01   1.6498189e-01  -3.6527269e-02   5.5680922e-01   3.9213667e-01  -7.3780628e-02  -1.0975861e-01   1.2699764e-02
  -2.7942218e-01  -3.1241116e-01  -1.1947703e-01   4.1605348e-02  -3.8675019e-02   4.8099791e-02  -7.2187175e-02   6.6926301e-02   2.1625631e-01   9.4240646e-02   8.6630747e-02   5.1882771e-02   5.4266290e-01   3.4207203e-03   3.0473875e-01   2.6802164e-01   2.8416188e-01   4.7000311e-01   1.0000000e+00   2.2063098e-01   3.0588612e-02   2.2085952e-01   5.9621286e-01   1.4929006e-01   2.6478388e-01   2.2910372e-01   3.4333893e-01   2.1529053e-01   2.5547480e-01
  -1.6073195e-01  -9.6401287e-02  -3.0913410e-02   7.9125644e-02   2.2557061e-01   5.8442625e-02   2.6715540e-01   2.8389132e-01   1.6079460e-01   2.6570477e-01   3.6293118e-01   2.3124392e-01   3.1599736e-01   2.7824347e-01   6.6516377e-01   7.3960317e-01  -1.6544361e-01   6.4533613e-01   2.2063098e-01   1.0000000e+00   3.2636919e-01   7.6418944e-01   7.7557064e-02  -1.0767032e-01   6.4215304e-01   5.3335882e-01  -1.4970340e-01  -1.5728518e-01  -2.5548821e-03
   7.6865382e-02   4.9947241e-02  -1.8101001e-02   3.9883904e-02  -2.4534981e-02   6.4297773e-02  -4.1369246e-02  -1.6926676e-02  -1.5986167e-01   3.2766713e-01   1.5800216e-01   3.4448000e-01  -2.1860450e-02  -1.2822607e-01   3.7548286e-01   1.5295590e-01  -2.4238767e-01   2.4711582e-01   3.0588612e-02   3.2636919e-01   1.0000000e+00   3.0422357e-01  -1.3154911e-01  -2.8041701e-01   9.3320538e-02   3.6661567e-01   5.0719631e-02  -2.3960072e-01  -2.7812369e-01
  -1.6038326e-01  -9.8543039e-02  -6.2144182e-02   6.1584231e-02   1.7936516e-01   4.0909488e-02   2.1552478e-01   2.3475554e-01   1.3937495e-01   2.4409029e-01   2.9680519e-01   2.0335296e-01   2.9388829e-01   2.1876417e-01   6.1365720e-01   6.1088399e-01  -1.5709371e-01   5.8845644e-01   2.2085952e-01   7.6418944e-01   3.0422357e-01   1.0000000e+00   5.1299182e-02  -1.0824736e-01   5.9353962e-01   4.6872558e-01  -1.3275006e-01  -1.7254776e-01  -2.4453169e-03
  -3.4866607e-01  -4.2781044e-01  -2.3262457e-01  -6.6849913e-02  -1.1453528e-01  -9.0710097e-03  -1.9417218e-01   5.0794211e-02   2.5136514e-01  -3.6517041e-02   9.7252978e-03  -4.6862078e-02   5.6276052e-01  -6.3576753e-02   8.4807049e-02   1.8602298e-01   5.3511379e-01   1.6498189e-01   5.9621286e-01   7.7557064e-02  -1.3154911e-01   5.1299182e-02   1.0000000e+00   2.9309940e-01   2.2273097e-01   9.4224229e-02   4.8822709e-01   5.0247708e-01   5.4161082e-01
  -3.9106494e-01  -3.6348749e-01  -2.1051064e-01  -2.0869468e-01   8.5792630e-03  -1.5681551e-01  -1.7643843e-02   1.1666149e-01   5.1686723e-01  -2.2661211e-01  -1.7188124e-01  -2.6596989e-01   1.1093426e-01   3.2883023e-01  -1.4199270e-01  -5.3607723e-03   5.1992625e-01  -3.6527269e-02   1.4929006e-01  -1.0767032e-01  -2.8041701e-01  -1.0824736e-01   2.9309940e-01   1.0000000e+00   1.4671541e-01  -9.8872859e-02  -9.8095606e-03   3.1004381e-01   6.3748027e-01
  -2.6664529e-01  -1.7015543e-01  -1.0414373e-01  -9.4620024e-03   2.4706408e-01  -3.6231497e-03   3.1288802e-01   3.0628203e-01   3.4554793e-01   7.5250446e-02   2.0271049e-01   1.3354032e-02   4.0594281e-01   4.4987521e-01   5.0920111e-01   7.1989313e-01  -3.9419318e-02   5.5680922e-01   2.6478388e-01   6.4215304e-01   9.3320538e-02   5.9353962e-01   2.2273097e-01   1.4671541e-01   1.0000000e+00   3.2637425e-01  -1.6876564e-01  -8.4833357e-02   2.8481481e-01
  -1.7635999e-01  -2.0477875e-01  -1.8996220e-01  -4.1503776e-02  -2.2983439e-02   3.9911549e-02  -3.9025220e-02   6.1685914e-02  -6.1375348e-03   2.7233209e-01   1.9763253e-01   2.5460478e-01   1.1847988e-01   5.3442182e-02   4.2969728e-01   3.2291245e-01  -8.8797471e-02   3.9213667e-01   2.2910372e-01   5.3335882e-01   3.6661567e-01   4.6872558e-01   9.4224229e-02  -9.8872859e-02   3.2637425e-01   1.0000000e+00   6.0341541e-02  -8.5887072e-02  -2.5989530e-02
  -7.0673915e-02  -1.8974568e-01  -1.5956583e-01  -1.2877344e-01  -3.3805064e-01  -3.5848931e-02  -3.5332309e-01  -2.0586827e-01  -8.9474140e-02   6.6653524e-02  -1.1415330e-01   1.5386989e-01   8.4313970e-02  -3.3469315e-01  -1.5994245e-01  -1.8853037e-01   2.7046006e-01  -7.3780628e-02   3.4333893e-01  -1.4970340e-01   5.0719631e-02  -1.3275006e-01   4.8822709e-01  -9.8095606e-03  -1.6876564e-01   6.0341541e-02   1.0000000e+00   3.6940579e-01   1.9205727e-01
  -2.3005975e-01  -3.5675640e-01  -2.0150825e-01  -1.7934924e-01  -3.0487330e-01  -6.0452234e-02  -3.3430377e-01  -1.1681098e-01   7.4591538e-02  -1.0646753e-01  -4.6704129e-02  -2.2176700e-02   1.2708496e-01  -2.0908704e-01  -1.9726718e-01  -1.2217281e-01   6.6897754e-01  -1.0975861e-01   2.1529053e-01  -1.5728518e-01  -2.3960072e-01  -1.7254776e-01   5.0247708e-01   3.1004381e-01  -8.4833357e-02  -8.5887072e-02   3.6940579e-01   1.0000000e+00   5.7773018e-01
  -4.2053756e-01  -4.6309433e-01  -3.4348923e-01  -2.8263622e-01  -1.9017146e-01  -1.7139074e-01  -1.8799384e-01  -2.0694939e-03   3.4753241e-01  -2.5239095e-01  -1.7524299e-01  -2.1851761e-01   2.1419350e-01   1.4728566e-01  -1.1565221e-01   7.4348458e-02   6.0315124e-01   1.2699764e-02   2.5547480e-01  -2.5548821e-03  -2.7812369e-01  -2.4453169e-03   5.4161082e-01   6.3748027e-01   2.8481481e-01  -2.5989530e-02   1.9205727e-01   5.7773018e-01   1.0000000e+00
