   1.0000000e+00   1.9788268e-01   2.9663607e-01   1.4333002e-01   1.4096305e-01   1.0507480e-01   1.4325956e-01   1.4241564e-01   8.5738943e-03   8.5168847e-02   7.9304498e-02   1.2833803e-01   1.2463991e-01   6.1806635e-02   4.1386299e-02   1.0102903e-01   1.0535106e-01   1.1232516e-01   1.3827069e-01   1.5352769e-01   1.0465534e-01   2.2425016e-01   9.8953233e-02   1.8010859e-02   6.0485748e-02  -3.6571969e-02  -2.2297195e-02  -3.0874634e-02   6.2810207e-03  -3.7882364e-02  -7.3799998e-02   1.5708692e-01   4.2461545e-02   2.1831576e-03  -2.5409766e-02   1.4662524e-01   7.1444443e-02   4.6986347e-02   4.3288892e-02  -4.2305450e-02  -1.2557331e-02  -3.8312183e-02  -1.7470539e-02   4.3839406e-02   1.1198609e-01   2.3584653e-02   2.4148388e-02  -1.4851894e-02  -4.1078478e-02   4.3131598e-02  -5.9077482e-03   1.5143676e-02   6.2551311e-02  -9.1736545e-02   7.6856455e-02   1.1749065e-02  -4.8273680e-02   2.6656398e-01   1.5123790e-01   1.7523995e-01   1.8522349e-02   7.9084197e-02   4.0302766e-02   8.6578596e-02   7.7574752e-02   2.1492612e-02  -8.1201206e-02   7.9015358e-02   9.9600889e-03  -6.1872499e-02   8.8861692e-03  -1.2257399e-03  -2.2983265e-02   5.6024420e-02   1.8007686e-02   1.5763818e-01   7.2409778e-02   1.5060621e-01   2.1420421e-01  -2.2313608e-03  -4.9805383e-02  -3.2439174e-02  -9.0416312e-02  -5.2885374e-02  -5.7786395e-02  -2.2495569e-02   2.8639875e-02  -6.1668608e-02   6.3557863e-02  -4.0490993e-02   1.4001255e-03  -1.1562733e-03   5.2693506e-02   5.7413871e-02   8.2521234e-03  -3.6906426e-02  -3.7050029e-02  -5.7508315e-02  -5.1571966e-02  -1.8354046e-02  -1.9416554e-02  -2.8935659e-02  -7.9964850e-03  -2.3318445e-02  -3.1708626e-02  -3.5709136e-02  -5.7991419e-02  -7.0094536e-02   1.7354329e-02  -4.2473165e-02   1.1466474e-03  -6.9671883e-02   2.4726465e-02  -5.5433284e-02
   1.9788268e-01   1.0000000e+00   7.4598497e-01   4.9930060e-01   5.4694017e-01   6.0004581e-01   5.8125058e-01   6.1895910e-01   3.9709676e-01   3.2639154e-01   1.4994596e-01   2.9033423e-01   1.4648772e-01   2.3462443e-01   1.2096162e-01   1.2334468e-01   3.2106357e-01   2.0976370e-01   3.7358794e-01   1.1901907e-01   2.4973091e-01   3.6927844e-01   1.1084696e-01  -1.0776298e-01   7.8526947e-02  -2.7836687e-01  -1.7156242e-01  -3.8501327e-01  -1.1003527e-01  -2.9731186e-01  -3.8621392e-01   2.7396924e-01   1.8961488e-02  -1.4550103e-01  -2.1163268e-02   1.1036930e-01  -3.2040507e-02   1.0944641e-01  -9.1481173e-02  -2.3067242e-01  -9.9309550e-02  -1.9864199e-01  -2.2518423e-01  -6.7203628e-02   2.8183894e-01  -1.0006613e-01  -3.7201956e-02  -3.1748750e-01  -5.4073313e-03   1.1140257e-01  -1.9814714e-02  -9.3444519e-02   2.7108730e-02  -1.2317346e-01   1.6239636e-02  -8.3571127e-02  -1.3440994e-01   1.8328131e-01   5.9727813e-01   5.5809071e-01   3.1588869e-01   4.2325376e-01   3.8997928e-01   5.1125166e-01   5.1592941e-01   3.0491208e-01   1.7988283e-01   1.5688326e-01   1.9750480e-01   9.2012027e-03   5.6899769e-02   1.2692819e-03  -6.1585009e-02   2.0118719e-01   1.7070112e-01   3.6562521e-01   2.2685609e-01   3.1890783e-01   3.5720043e-01  -4.7776091e-02  -1.3490989e-01  -1.2183268e-01  -3.4204212e-01  -2.4214989e-01  -3.5887280e-01  -1.0973153e-01  -1.4612303e-01  -3.7182506e-01   1.1018406e-02  -1.4688689e-01  -1.4470544e-01  -1.0536120e-01  -5.4763035e-02  -6.3063739e-02   1.3270130e-01   5.5824642e-02  -2.2995437e-01   5.9386322e-02  -1.8148965e-01  -1.6525134e-01  -2.1753580e-01   1.2915664e-01  -7.5675225e-02  -2.0449189e-02  -2.5679070e-01   5.4164660e-03  -1.0354189e-01  -2.4673528e-02  -5.9685003e-02  -1.4440366e-01  -9.3333152e-03  -6.7968205e-02  -5.8386181e-02  -1.0598050e-01
   2.9663607e-01   7.4598497e-01   1.0000000e+00   4.5141283e-01   5.0471802e-01   4.8254297e-01   4.8283332e-01   5.6594398e-01   3.4096211e-01   3.0595682e-01   1.5765385e-01   2.7314625e-01   1.8046604e-01   2.3690880e-01   1.1501612e-01   1.1973084e-01   3.1773584e-01   2.0030237e-01   3.7731385e-01   1.3941335e-01   2.5315236e-01   3.9382569e-01   1.0692562e-01  -1.2471255e-01   4.6865879e-02  -2.0738812e-01  -1.2906677e-01  -3.1251711e-01  -9.7074714e-02  -2.4243769e-01  -3.2566423e-01   2.7724176e-01   4.2355062e-02  -1.1041244e-01   3.8341472e-03   1.1928280e-01   5.6328730e-06   7.2986988e-02  -7.0207857e-02  -1.8913796e-01  -8.6133847e-02  -1.9323772e-01  -1.8075282e-01  -5.2068867e-02   2.6899189e-01  -9.0479468e-02  -4.9993307e-03  -2.5216283e-01  -1.7340505e-02   6.1828008e-02  -6.6097571e-03  -7.6807144e-02   2.3626297e-02  -1.2899576e-01   3.7725748e-02  -5.2612627e-02  -1.2171657e-01   1.9407658e-01   5.8517966e-01   5.7452113e-01   2.5921776e-01   3.8127581e-01   3.7611397e-01   4.4522988e-01   4.8812425e-01   2.7351708e-01   1.5282925e-01   1.7908729e-01   1.5735105e-01  -1.9961559e-03   5.0411141e-02   2.5394267e-02  -6.8195324e-02   1.9913343e-01   1.5173547e-01   3.3893450e-01   1.8324053e-01   2.9171821e-01   3.4893137e-01  -3.4729789e-02  -1.1155999e-01  -8.3418312e-02  -2.7750529e-01  -2.1191348e-01  -2.8080385e-01  -7.0575172e-02  -7.8589441e-02  -2.9009873e-01   3.3655508e-02  -9.6557086e-02  -1.1338031e-01  -8.3328603e-02  -4.0239603e-02  -6.2543449e-02   9.4071670e-02   2.6527940e-02  -2.1468319e-01   4.8462844e-02  -1.7317551e-01  -9.3395342e-02  -1.4500621e-01   1.1024924e-01  -3.8543082e-02  -1.5768411e-02  -1.9206233e-01  -3.3427549e-02  -6.5131704e-02  -8.0225220e-02  -5.4555953e-02  -1.0059613e-01  -1.3780356e-02  -7.5445092e-02  -1.5949648e-02  -1.0915143e-01
   1.4333002e-01   4.9930060e-01   4.5141283e-01   1.0000000e+00   5.0906192e-01   3.8137492e-01   6.4545828e-01   5.0751639e-01   2.4535819e-01   3.4916675e-01   1.0556240e-01   2.5128753e-01   1.5805730e-01   1.9934226e-01   8.3817586e-02   5.7117633e-02   2.5680987e-01   1.7622625e-01   3.0511539e-01   7.0792686e-02   1.6811180e-01   1.9069025e-01   5.1176312e-02  -1.2806109e-01   4.2596527e-02  -1.8470458e-01  -1.7449762e-01  -3.2980847e-01  -6.6832437e-02  -2.0707481e-01  -3.5374079e-01   1.9258882e-01  -4.9068175e-02  -1.6508881e-01  -1.0536473e-02   4.7215309e-02  -8.2349428e-02   5.4269428e-02  -8.6707576e-02  -2.0661386e-01  -6.9480082e-02  -1.9421277e-01  -1.9743734e-01  -6.4075110e-02   2.7181655e-01  -1.0336999e-01  -7.3866130e-02  -2.5836902e-01   6.3825002e-03   6.7459085e-02  -6.3403102e-02  -1.0189349e-01  -1.9470535e-02  -1.4811458e-01  -1.6778423e-02  -1.1014303e-01  -1.3490847e-01   1.6313912e-01   3.6058888e-01   3.7312589e-01   3.5379366e-01   2.5552194e-01   2.1850594e-01   4.2598671e-01   3.9382796e-01   1.6165787e-01   1.1186775e-01   9.1673819e-02   2.0884398e-01   1.9570681e-02  -5.8052700e-02  -1.2819918e-01  -1.3933168e-01   1.3138386e-01   1.4018499e-01   2.9772550e-01   1.7185084e-01   2.4954867e-01   2.1231428e-01  -1.1876164e-01  -1.8692988e-01  -1.6418882e-01  -2.4131057e-01  -2.0831662e-01  -3.3475714e-01  -8.6891263e-02  -1.0375702e-01  -3.1853296e-01  -7.8271493e-02  -1.9302675e-01  -1.8585300e-01  -1.0239152e-01  -9.4157514e-02  -1.0801458e-01   7.6129437e-02  -4.3696552e-02  -1.9652750e-01   2.3550913e-02  -2.2517690e-01  -1.3888438e-01  -1.9048933e-01   1.2290235e-01  -8.2905038e-02  -3.6128527e-02  -2.0478028e-01  -6.9118653e-03  -1.2185740e-01  -3.2690359e-02  -4.8547473e-02  -9.3519640e-02  -5.8187312e-03  -3.8561062e-02  -6.4890647e-02  -7.1312917e-02
   1.4096305e-01   5.4694017e-01   5.0471802e-01   5.0906192e-01   1.0000000e+00   5.4928014e-01   5.2851519e-01   6.4257785e-01   4.4496155e-01   4.6549970e-01   7.8018617e-02   1.6698332e-01   1.4262339e-01   3.5773533e-01   1.7981005e-01   1.4323023e-01   3.4315573e-01   2.5693786e-01   3.7532052e-01   1.6295039e-01   2.2694032e-01   2.4094599e-01   7.6844126e-02  -1.0878169e-01   1.3137554e-01  -2.7103926e-01  -2.3372435e-01  -4.3517210e-01  -4.2232719e-02  -3.0143784e-01  -4.1715544e-01   2.8639493e-01  -2.8637255e-02  -2.0057550e-01  -4.4267703e-03   7.0259909e-02  -4.3131757e-02   5.4675581e-02  -1.5112898e-01  -2.3356605e-01  -5.8490407e-02  -1.7459958e-01  -1.8532314e-01  -6.9114351e-02   3.1614755e-01  -1.1021780e-01  -2.1909433e-02  -3.5646903e-01   1.4466704e-01   2.1188263e-01   9.7826596e-03  -6.5325517e-02   1.3918816e-02  -1.2708175e-01  -8.8545885e-02  -1.3807089e-01  -7.2384576e-02   2.1299091e-01   5.2351101e-01   5.1039974e-01   3.4290229e-01   5.0199206e-01   4.1039252e-01   4.4531319e-01   5.0421848e-01   3.7476580e-01   2.4935961e-01   9.2037176e-02   2.2497530e-01   1.1355767e-01   5.0215938e-02  -3.8974878e-02  -4.5785232e-02   1.9558151e-01   1.7131229e-01   3.6869581e-01   2.2506807e-01   2.2362908e-01   2.5244893e-01  -1.4795876e-02  -1.5804525e-01  -8.1381626e-02  -3.5791750e-01  -2.7387442e-01  -3.7701868e-01  -1.3830286e-01  -1.7097364e-01  -3.9680299e-01   2.7200844e-02  -1.8818731e-01  -2.1066921e-01  -1.8305353e-01  -1.1409698e-01  -1.4407944e-01   1.2989362e-01   4.3420586e-02  -2.6802165e-01   6.7248734e-02  -1.3484838e-01  -1.5867450e-01  -2.4306296e-01   1.9736937e-01  -1.1140495e-01  -3.9409027e-03  -2.7404779e-01   8.2599131e-02  -1.0769756e-01  -3.4268830e-02  -6.1732403e-02  -1.0456741e-01   1.4320763e-02  -9.4184666e-02  -7.0482724e-02  -9.3847673e-02
   1.0507480e-01   6.0004581e-01   4.8254297e-01   3.8137492e-01   5.4928014e-01   1.0000000e+00   4.6914379e-01   7.0043904e-01   4.3995571e-01   3.4112829e-01   9.2534181e-02   1.2393994e-01   1.3130647e-01   1.8992146e-01   7.2900987e-02   5.3402215e-02   2.3991718e-01   2.1168517e-01   3.3196210e-01   1.0456971e-01   2.4376723e-01   2.7201336e-01   6.4733569e-02  -1.0916197e-01   8.6650787e-02  -2.6652530e-01  -2.2537337e-01  -4.3762899e-01   7.8455150e-04  -2.3425450e-01  -3.7003267e-01   2.5929952e-01  -3.6205455e-02  -1.4440004e-01   1.2649073e-02   1.1823240e-01  -1.7322123e-02   5.3968260e-02  -1.5095639e-01  -1.7742996e-01  -2.5842833e-02  -1.3667485e-01  -1.5926451e-01  -5.6736996e-02   2.5288041e-01  -1.3355574e-01  -2.7248874e-02  -3.2486512e-01   8.2769412e-02   1.8316330e-01   8.7666228e-03  -3.5792063e-02  -2.7808364e-03  -1.3510322e-01  -5.0735755e-02  -1.5732149e-01  -8.7179195e-02   2.3064396e-01   5.1869776e-01   4.9566567e-01   3.4567754e-01   4.9320057e-01   4.5842457e-01   4.2188487e-01   5.5625502e-01   3.1292478e-01   2.5454548e-01   8.9654622e-02   2.1066665e-01   9.6460294e-02   3.4924086e-02  -4.9393809e-02  -6.4140270e-02   2.0596736e-01   1.5799613e-01   3.4681559e-01   2.1868238e-01   2.0777898e-01   2.1295931e-01   3.1929568e-02  -1.1950680e-01  -4.2777414e-02  -3.7856831e-01  -2.4387672e-01  -3.5299281e-01  -1.2348329e-01  -1.9179464e-01  -3.5726665e-01  -3.8364978e-02  -1.4865220e-01  -1.6997622e-01  -1.2442645e-01  -6.1383195e-02  -9.6457318e-02   1.4742248e-01   3.8916588e-02  -2.2269854e-01   7.8626357e-02  -1.2452272e-01  -1.1645582e-01  -1.8715307e-01   1.6986235e-01  -1.1321711e-01  -2.4583640e-04  -2.6485589e-01   6.4062066e-02  -2.9507975e-02   4.3761261e-02  -3.0657722e-02  -1.2614228e-01  -7.7026798e-03  -8.5119460e-02  -1.3417610e-01  -1.0619081e-01
   1.4325956e-01   5.8125058e-01   4.8283332e-01   6.4545828e-01   5.2851519e-01   4.6914379e-01   1.0000000e+00   6.1375705e-01   3.0618436e-01   3.4045727e-01   1.0730110e-01   2.3133703e-01   1.4580117e-01   1.8920826e-01   7.7082229e-02   4.8970260e-02   3.2115998e-01   1.9094947e-01   3.4405692e-01   1.0599453e-01   2.1054763e-01   2.7312559e-01   4.2117970e-02  -1.3462654e-01   4.9936297e-02  -2.7654108e-01  -2.0709134e-01  -3.9926998e-01  -1.4297847e-02  -2.6725278e-01  -4.0288183e-01   2.2978808e-01  -5.5705748e-02  -1.6946585e-01  -1.4178809e-02   7.8709314e-02  -4.4534768e-02   8.0467899e-02  -1.1796488e-01  -2.1103542e-01  -6.1891322e-02  -2.0903717e-01  -2.1543706e-01  -6.2392551e-02   2.0643465e-01  -1.2388708e-01  -7.2250799e-02  -3.3331522e-01   5.4633438e-02   1.2147671e-01  -7.3006431e-02  -1.4026380e-01   4.8836750e-04  -1.6797290e-01   1.8761887e-02  -1.2088634e-01  -1.2601248e-01   2.1237479e-01   4.8103299e-01   4.9517691e-01   3.8426185e-01   3.2214306e-01   3.0155086e-01   6.3772452e-01   4.5559712e-01   2.4150011e-01   9.0404338e-02   1.0579712e-01   2.6220352e-01   1.2971156e-02  -3.5298956e-02  -1.5395686e-01  -1.2573266e-01   1.8361696e-01   2.0433780e-01   3.5306611e-01   2.0273066e-01   2.2313110e-01   2.6723592e-01  -1.0436396e-02  -1.9849663e-01  -9.7936642e-02  -3.4976472e-01  -2.8328745e-01  -4.0298218e-01  -1.6173338e-01  -1.6711140e-01  -3.8390722e-01  -8.1008704e-02  -2.0520114e-01  -2.0226420e-01  -1.0553682e-01  -8.6277176e-02  -7.4678089e-02   1.0575181e-01  -1.3853009e-02  -2.7379416e-01   1.7001416e-02  -2.3771209e-01  -2.0328147e-01  -2.1444077e-01   1.0537687e-01  -4.8037565e-02  -4.8909010e-02  -3.1347355e-01   1.1703080e-02  -1.6476758e-01  -2.6270998e-02  -6.9576662e-02  -1.2218804e-01  -3.5041480e-02  -2.6029670e-02  -9.1786608e-02  -1.2177562e-01
   1.4241564e-01   6.1895910e-01   5.6594398e-01   5.0751639e-01   6.4257785e-01   7.0043904e-01   6.1375705e-01   1.0000000e+00   3.8971766e-01   3.6971235e-01   7.1146104e-02   2.0695226e-01   1.5485487e-01   1.8570521e-01   6.6564007e-02   4.5956389e-02   2.9666446e-01   2.3473624e-01   3.6629917e-01   1.0619823e-01   2.3252824e-01   2.9133478e-01   5.7129303e-02  -1.3794484e-01   7.4523638e-02  -2.8613263e-01  -2.3853456e-01  -4.7028110e-01  -7.4736739e-02  -3.4031979e-01  -4.4840849e-01   2.5142370e-01  -5.5489266e-02  -2.1619082e-01  -3.4871286e-03   7.2984110e-02  -4.4164772e-02   6.0161539e-02  -1.9967489e-01  -2.0444461e-01  -9.7610099e-02  -1.9862359e-01  -2.2821281e-01  -6.8639140e-02   2.4804558e-01  -1.5323712e-01  -3.3277214e-02  -3.7439357e-01   4.9151963e-02   1.6313206e-01  -5.8121224e-02  -9.7686211e-02   1.0909466e-02  -1.5005673e-01  -5.9128841e-02  -1.3806319e-01  -1.1275472e-01   2.2224005e-01   5.6242132e-01   5.6802441e-01   4.0229451e-01   5.0940127e-01   4.6365978e-01   5.3413115e-01   5.9708385e-01   3.3964678e-01   2.4891934e-01   7.3698785e-02   2.5228841e-01   1.0824137e-01   2.0511233e-02  -7.7700999e-02  -9.0443873e-02   2.2175211e-01   1.7273880e-01   3.6067797e-01   2.0955648e-01   2.0641639e-01   2.4578806e-01  -2.2985691e-02  -2.1007373e-01  -1.0230630e-01  -3.7035400e-01  -2.8319385e-01  -4.0899659e-01  -1.7457370e-01  -2.2274436e-01  -3.9815076e-01  -7.2700911e-02  -2.1650215e-01  -2.1253830e-01  -1.2452023e-01  -1.2091392e-01  -1.2516844e-01   1.0203837e-01   7.5858467e-03  -3.0286058e-01   4.6999647e-02  -1.8621375e-01  -1.9475180e-01  -2.2466639e-01   1.2800810e-01  -1.1316968e-01  -1.5594159e-02  -3.1218892e-01   6.4115056e-02  -1.1128960e-01  -1.6877579e-02  -6.6036855e-02  -1.3914305e-01  -7.0489524e-03  -9.1181704e-02  -1.0643956e-01  -1.2698418e-01
   8.5738943e-03   3.9709676e-01   3.4096211e-01   2.4535819e-01   4.4496155e-01   4.3995571e-01   3.0618436e-01   3.8971766e-01   1.0000000e+00   1.9236850e-01   8.9134462e-02   6.0452109e-02   4.3693199e-02   2.7660799e-01   1.8230794e-01   1.2180944e-01   2.5290824e-01   1.7842142e-01   2.7448338e-01   7.9768775e-02   1.9776247e-01   1.4861618e-01   3.5119620e-02  -2.3662866e-02   3.8109610e-02  -2.6557456e-01  -1.9036334e-01  -2.5875063e-01   2.6573111e-03  -1.1373138e-01  -2.3696991e-01   2.4242016e-01   1.5101960e-01   1.3432766e-02   2.8342901e-02   9.7352596e-02   3.9736995e-02  -3.5083457e-02  -8.1770387e-02  -6.9524653e-02   4.5461791e-02  -1.1744716e-01  -9.6343219e-02   2.2541691e-02   1.3662221e-01  -7.0954267e-02  -3.9196978e-02  -2.2249072e-01   4.6468660e-02   1.1311755e-01   1.6905990e-02  -3.4276387e-02   1.7594699e-02  -6.6456384e-02  -4.0757466e-02  -4.1717400e-02  -7.3251956e-02   1.2568244e-01   3.6884493e-01   3.4047042e-01   2.3208892e-01   4.2752930e-01   2.9885174e-01   3.2767655e-01   3.2667630e-01   4.0858142e-01   2.1850121e-01   9.6256537e-02   1.7662232e-01   1.1314000e-01   2.0979918e-01   8.4636307e-02   3.6570678e-02   1.7226077e-01   1.4181759e-01   2.2908934e-01   1.6259237e-01   1.5251668e-01   1.4585860e-01   7.5754014e-02   1.4384241e-02   3.3342504e-02  -2.2962304e-01  -2.0734697e-01  -1.8241278e-01  -2.1700220e-02  -8.0168902e-02  -2.8144083e-01   6.8129559e-02  -2.8359400e-02  -7.2358217e-02  -5.6251681e-02   2.1120517e-02   1.1651077e-02   7.1779647e-02   1.0561713e-01  -1.4404454e-01   8.7746375e-02  -1.0203797e-01  -8.0104812e-02  -1.3608811e-01   1.5518744e-01  -2.3583531e-02  -1.3190583e-03  -1.8350652e-01   3.0104150e-02  -2.1963649e-02  -2.7444330e-03  -7.4107431e-02  -5.0636856e-02  -2.2473945e-02  -5.0317640e-02  -4.6541371e-02  -3.1968905e-02
   8.5168847e-02   3.2639154e-01   3.0595682e-01   3.4916675e-01   4.6549970e-01   3.4112829e-01   3.4045727e-01   3.6971235e-01   1.9236850e-01   1.0000000e+00   2.6172696e-02   2.9893875e-01   3.7767711e-01   2.4334219e-01   1.7336422e-01   2.4211085e-01   2.1867604e-01   1.5731510e-01   2.1865872e-01   8.3331392e-02   1.1585934e-01   1.3819072e-01   9.6725287e-02   3.0020251e-02   1.1368776e-01  -1.1494473e-01  -1.2061174e-01  -1.0164561e-01   4.0307512e-02  -9.2075127e-02  -1.9124152e-01   2.1745614e-01   2.3832906e-02  -9.6068305e-02   4.3887332e-02   4.8696086e-02   1.1461271e-02   1.1644235e-01   1.0890407e-02  -2.3803766e-02   2.9441653e-04  -2.8787564e-02  -3.6493026e-02   2.4144577e-02   2.6593561e-01  -3.9413668e-02   4.4938275e-03  -1.1108691e-01   9.9481917e-02   7.3011462e-02   1.1751023e-02   3.0930934e-02   1.0799415e-02   1.6676924e-03  -1.0829544e-01  -6.9905941e-02   5.1545079e-02   1.2255274e-01   2.8492253e-01   2.9553478e-01   2.5398839e-01   2.9146777e-01   2.8012979e-01   2.4995566e-01   2.9384741e-01   2.1372833e-01   2.1184347e-01   8.0672668e-02   1.8017795e-01   1.1772709e-01   4.9841293e-02  -9.1299096e-03  -2.4895344e-02   6.8218494e-02   9.5366711e-02   1.9494806e-01   9.4448454e-02   9.6743849e-02   1.2682725e-01   2.5998460e-02  -7.9437763e-02  -4.7559061e-02  -1.6678719e-01  -9.5001822e-02  -1.5596396e-01   1.5591205e-03  -1.4282787e-02  -2.1087668e-01   3.5082919e-02  -8.5133748e-02  -9.1937522e-02  -1.1153663e-01  -6.8465177e-02  -7.4402812e-02   8.6982808e-02   8.1096561e-02  -1.1343153e-01   6.2737260e-02  -9.0543656e-02  -5.0507695e-02  -8.6418409e-02   2.1069223e-01   7.3940383e-03   1.7443319e-02  -1.0702814e-01   6.8694079e-02  -4.6038220e-02  -2.5465261e-02   4.7632951e-02   1.2783046e-03   5.0858265e-02  -6.2487162e-02   3.5692243e-02   2.6833544e-02
   7.9304498e-02   1.4994596e-01   1.5765385e-01   1.0556240e-01   7.8018617e-02   9.2534181e-02   1.0730110e-01   7.1146104e-02   8.9134462e-02   2.6172696e-02   1.0000000e+00   8.5658999e-02   3.0893260e-02   5.2241403e-02   5.3169153e-03  -1.3375414e-02   4.9557702e-02   4.0023849e-02   8.8965182e-02   4.7069886e-02   3.5649837e-02   2.9711355e-01   4.8380320e-02   4.2347233e-02   7.5809594e-02  -2.8301573e-03   9.5144139e-02   1.3765894e-02   7.2960363e-02   2.7722354e-02  -6.7358662e-03   7.8590111e-02   2.6133092e-02   4.7917321e-02   6.7298983e-02   6.5186433e-02   4.4209049e-02   9.5897256e-02   7.4630582e-02  -3.9713867e-02   4.8801832e-03  -2.4779332e-02  -2.4612034e-02  -2.5855892e-02   1.2492346e-01   1.7598494e-01   5.2150370e-02   2.4393347e-03  -8.5582378e-03   4.2790304e-02   6.2134911e-02   6.8059944e-02   5.2203677e-03   4.7238235e-02   1.3428596e-01   6.3535089e-02   1.3655302e-02   6.3982782e-02   1.4579506e-01   1.5154835e-01   5.7183151e-02   6.0172996e-02   5.7142931e-02   1.2136126e-01   7.8933397e-02   5.4351518e-02   4.9235655e-02   2.6752281e-01   8.2600832e-02   4.6706104e-03   2.2356837e-03   6.4383024e-02   3.9068799e-02   5.5875103e-02   2.1523133e-02   9.6847576e-02   5.2841951e-02   8.4363375e-02   1.7574280e-01   5.6738528e-02   4.2662799e-02   5.9241049e-02  -1.8375334e-02  -2.5577566e-02   3.6375917e-02   1.7018480e-02   1.4591834e-02  -5.9664769e-02   2.2759488e-02   2.6437575e-02   5.2545613e-02  -1.0004812e-03   7.1577325e-02   9.6736470e-03   1.4323362e-01   1.1703847e-01   1.1176731e-02   2.5887045e-02  -3.1572699e-02   2.2015634e-02  -3.2443402e-02   1.2710234e-01   1.0637755e-01   4.0629898e-02   2.7917924e-02  -3.3031971e-03   3.7036859e-02   2.0876783e-03   5.6064521e-02  -3.1027875e-03   1.4780677e-02   6.6969039e-02   9.2090730e-03   2.8877363e-02
   1.2833803e-01   2.9033423e-01   2.7314625e-01   2.5128753e-01   1.6698332e-01   1.2393994e-01   2.3133703e-01   2.0695226e-01   6.0452109e-02   2.9893875e-01   8.5658999e-02   1.0000000e+00   4.3021086e-01   1.0505212e-01   9.9571158e-02   1.9763657e-01   7.0738710e-02   1.3254208e-01   7.9595358e-02   6.5288740e-02   6.2148708e-02   1.9073217e-01   1.4371887e-01   5.2883680e-02   1.3813445e-01  -3.5067144e-02  -6.2682483e-02   8.3678380e-02   3.8306417e-02   3.1822249e-02  -7.2463217e-02   1.7032465e-01   1.1109833e-02  -7.7476184e-02   4.3947228e-02   8.4014968e-02   4.2573610e-02   2.9247351e-01   1.2848335e-01  -8.9097946e-03  -9.7906220e-03   1.6297157e-02   3.4926154e-02   3.9919787e-02   2.1552512e-01   3.6558756e-02  -8.8845640e-03   5.9988130e-02  -5.5949858e-02   4.3792496e-02  -7.0539190e-02   6.5234749e-02   5.8742844e-02  -2.5520298e-02   3.4934021e-02  -1.9426290e-02   3.7920459e-02   6.9806896e-02   1.3777444e-01   1.4268947e-01   6.4508961e-02   9.3248573e-02   6.3026978e-02   1.3274775e-01   1.4210226e-01   6.7962385e-02   1.3186333e-02   1.2325090e-01   1.2304707e-01  -1.1396322e-02  -4.2177272e-02  -2.3949244e-02  -5.2392239e-02  -2.9641948e-03  -2.7181532e-02   5.7492511e-02   2.7453441e-03   1.0513537e-01   1.7688608e-01  -6.0545586e-02  -9.0721099e-02  -6.8331030e-02  -4.6689085e-02  -3.7539615e-02  -7.6634253e-03   5.3843445e-02   7.1373799e-02  -1.1937784e-01  -3.3356285e-02  -1.3017951e-01  -9.9440727e-02   6.0243358e-03  -1.2379760e-02   1.7634776e-02   3.9627302e-02   3.5226970e-02  -1.3891124e-03  -1.4889876e-02  -7.9938424e-02   1.4346518e-02  -6.5535956e-02   7.8329624e-02   8.5623654e-02   2.5143101e-02   6.8684985e-02  -6.4061441e-02  -5.9754500e-02  -1.3528288e-02   9.9324673e-02  -2.3350697e-02   5.2206549e-02  -4.6020498e-02   6.5956996e-02  -1.1458838e-03
   1.2463991e-01   1.4648772e-01   1.8046604e-01   1.5805730e-01   1.4262339e-01   1.3130647e-01   1.4580117e-01   1.5485487e-01   4.3693199e-02   3.7767711e-01   3.0893260e-02   4.3021086e-01   1.0000000e+00   8.3612646e-02   6.1506960e-02   1.7312557e-01   2.7518700e-02   4.4729516e-02   2.8156325e-02   5.3429092e-03   8.2140151e-03   1.1850767e-01   1.8240638e-01   1.0361164e-01   1.4782287e-01   2.6037032e-02   2.0102116e-02   1.5088357e-01   1.3304934e-01   1.1464370e-01  -1.8603393e-02   7.4017124e-02  -3.7467224e-02  -4.9777223e-02   2.8720586e-03   4.6072484e-02   1.3007514e-02   1.9970274e-01   1.2891086e-01   6.0466365e-02   1.8093897e-02   5.2648295e-02   7.9654911e-02   7.2084742e-02   1.6677877e-01   4.6205550e-02   4.5538496e-02   1.4548577e-01   8.8932371e-04   7.8348704e-03  -3.4878866e-02   1.2145892e-01   3.9127275e-02   2.9551790e-02   2.3299188e-02  -5.4972704e-04   9.1232579e-02   4.1855102e-02   7.1316374e-02   1.0815275e-01   1.1282053e-01   9.5584650e-02   9.9643576e-02   8.1100369e-02   1.0763814e-01   2.8405258e-02   2.2150091e-02   3.8004770e-02   3.5020387e-02   9.9556479e-04  -3.5804980e-02  -3.6138416e-02  -1.6362028e-02  -3.2448990e-02  -7.0338385e-03  -2.4906645e-02  -4.7859651e-02  -5.7517287e-03   9.6419913e-02   1.1312312e-02  -2.8407932e-02   4.8349717e-03   2.9190347e-02   4.1254068e-02   7.4751191e-02   5.3426504e-02   9.0697393e-02  -4.8738526e-02   8.5723499e-03  -5.9957885e-02  -4.8362417e-02  -5.1336547e-03   1.9189566e-03  -2.3590295e-02   1.9198342e-02   3.0190237e-02   4.6269407e-02  -9.3225292e-03  -1.6770853e-02   4.8757265e-02  -7.9373631e-03   8.1673181e-02   1.1217520e-01  -2.4841734e-03   1.1759232e-01   2.1770545e-03  -4.0146048e-02  -2.2080522e-02   1.2132510e-01   4.7734117e-02   5.8501695e-02   1.3337891e-02   6.9476502e-02   8.6219124e-02
   6.1806635e-02   2.3462443e-01   2.3690880e-01   1.9934226e-01   3.5773533e-01   1.8992146e-01   1.8920826e-01   1.8570521e-01   2.7660799e-01   2.4334219e-01   5.2241403e-02   1.0505212e-01   8.3612646e-02   1.0000000e+00   6.1576131e-01   2.2164908e-01   3.6707523e-01   1.9749963e-01   2.6902840e-01   1.5929370e-01   1.3517611e-01   6.1919473e-02   1.7977362e-01   6.2738270e-02   1.5228036e-01  -1.1081501e-01  -9.1555887e-02  -7.9871814e-02  -4.1205417e-02  -9.4548154e-02  -1.2258672e-01   3.3153356e-01   1.7009418e-01   5.3803473e-02   3.6393502e-02   9.7146005e-04   4.3843467e-02  -4.0528020e-03   1.8747851e-02   7.6759159e-04   4.4764772e-02   2.7374461e-02  -2.8635860e-02   1.1453748e-02   1.5691352e-01  -2.6458443e-02  -3.9897951e-02  -1.4713873e-01   1.2553360e-01   6.9647779e-02   5.0007796e-02  -9.1275834e-03  -1.8831607e-04   2.5759900e-02  -7.7872660e-02  -2.4849645e-03  -4.5639114e-03   4.4806486e-02   2.0634522e-01   2.0210975e-01   1.3090841e-01   2.1929758e-01   1.8186127e-01   1.1671086e-01   1.5357452e-01   2.3223680e-01   1.2569494e-01   8.4936734e-02   1.0395544e-01   7.2870861e-02   2.0748293e-01   1.5251549e-01   1.0222949e-01   1.4449371e-01   1.1394846e-01   1.8293080e-01   8.9555155e-02   8.5071274e-02   6.0004453e-02   1.0911297e-01   9.2115493e-02   1.0475857e-01  -1.3101660e-01  -6.1401103e-02  -8.8417253e-02   1.0141032e-02   1.4104800e-03  -1.1885081e-01   2.4630508e-01   4.8353326e-02   1.9295905e-02  -5.1301008e-02  -2.5160380e-02   1.4809138e-02   2.9496047e-02   1.3229858e-01  -3.2007672e-02   1.0625151e-01  -1.8440323e-02  -1.0691716e-02  -6.3266632e-02   1.2949142e-01  -2.0119648e-02   4.3702565e-02  -1.0265967e-01   2.5481500e-02   1.5588197e-02   4.5968618e-02  -2.5916078e-02  -8.5517679e-04   2.1138424e-02  -3.1635982e-02   7.8485259e-03   4.4935566e-02
   4.1386299e-02   1.2096162e-01   1.1501612e-01   8.3817586e-02   1.7981005e-01   7.2900987e-02   7.7082229e-02   6.6564007e-02   1.8230794e-01   1.7336422e-01   5.3169153e-03   9.9571158e-02   6.1506960e-02   6.1576131e-01   1.0000000e+00   5.0365503e-01   2.1751494e-01   8.7000300e-02   1.6093834e-01   1.3117976e-01   7.0783616e-02   1.3163655e-02   2.2862721e-01   1.2174017e-01   1.4561518e-01  -4.8479927e-02  -5.2506076e-02   4.5451645e-02   3.6542772e-03  -4.1152066e-03   9.1654832e-03   2.5586403e-01   1.8934364e-01   9.2084868e-02   3.7386239e-02   6.1655038e-03   1.9254913e-02   2.6439960e-02   6.6320914e-02   5.2599438e-02   6.5873391e-02   8.3805221e-02   1.8309721e-02   3.7178519e-02   1.1114642e-01   1.0366339e-02  -3.0354182e-02  -4.6525091e-02   8.7782256e-02   4.2908900e-02   4.0183332e-02   1.5056019e-02  -1.6074125e-02   4.3402354e-02  -6.9528183e-02   6.6882331e-02   4.9382314e-02  -1.1491473e-02   1.0058333e-01   9.7766468e-02   6.5918671e-02   1.0178691e-01   1.0364204e-01   3.1540981e-02   4.5966411e-02   1.4945356e-01   9.5628241e-02   8.0955275e-02   8.6992587e-02   8.5691356e-02   2.0578510e-01   1.7886307e-01   1.3626617e-01   7.4575314e-02   6.5089783e-02   1.1242077e-01   6.2000086e-02   3.9515833e-02   3.8884012e-02   1.0124282e-01   1.0903649e-01   1.1838691e-01  -2.6961482e-02   3.8112534e-02  -4.1386186e-03   3.2860216e-02   5.3075409e-02  -2.4362838e-02   2.8192362e-01   1.4390119e-01   1.4290396e-01  -1.5069180e-02   5.0373530e-02   5.4588717e-02   6.9984846e-02   1.4079817e-01   4.6805382e-02   1.1101160e-01   4.5255037e-02  -6.5476551e-03  -1.7390816e-02   1.1871018e-01   3.2922194e-02   2.7408891e-02  -1.0249675e-02   2.8180836e-02   4.3371669e-02   3.0087357e-02  -1.9186897e-02  -1.1887913e-02   5.7324141e-03  -2.5892630e-02   9.8617284e-02   7.5930842e-02
   1.0102903e-01   1.2334468e-01   1.1973084e-01   5.7117633e-02   1.4323023e-01   5.3402215e-02   4.8970260e-02   4.5956389e-02   1.2180944e-01   2.4211085e-01  -1.3375414e-02   1.9763657e-01   1.7312557e-01   2.2164908e-01   5.0365503e-01   1.0000000e+00   1.3715252e-01   7.0356908e-02   1.1735097e-01   9.5740064e-02   5.7649565e-02  -1.2477370e-02   4.5141781e-01   1.8987149e-01   1.5719141e-01   2.0487921e-02   1.5520148e-03   1.6534946e-01   4.1744142e-02   6.8557060e-02   6.2389130e-02   2.2948268e-01   1.8057568e-01   1.2266169e-01  -5.8704623e-03   7.1987672e-02   2.8007862e-02   1.3215477e-01   1.2601920e-01   6.9055996e-02   9.4397021e-02   7.5027490e-02   6.7252750e-02   8.5989241e-02   1.7233887e-01   7.4956693e-02   2.3312740e-02   7.6579635e-02   3.9283226e-02   3.2052338e-02   6.7634909e-03   8.0036542e-02   3.0525241e-02   4.8413354e-02   5.4361163e-02   9.4387408e-02   1.3934445e-01   2.6607938e-02   5.4900113e-02   8.6621541e-02   6.5975812e-03   8.5430884e-02   6.5210082e-02  -8.1059962e-03   4.3138720e-02   8.3909940e-02   2.2397627e-02   7.2590363e-02   3.9260653e-02   5.7266855e-02   1.3685927e-01   1.3453414e-01   1.2124003e-01   2.4887925e-02  -7.3330283e-03   5.8219633e-02  -1.5715585e-02   5.0431677e-02   7.0866076e-02   6.3804880e-02   9.7546567e-02   6.5332480e-02   1.6850160e-02   7.0466694e-02   9.6229397e-02   7.8886702e-02   1.2087263e-01   1.8278693e-02   2.1308375e-01   1.2078086e-01   1.3120228e-01  -6.8948118e-03   3.5328972e-02   5.5646143e-02   5.5938341e-02   1.3403234e-01   5.9119975e-02   7.7504893e-02   6.8571179e-02   2.5524750e-02   3.4587363e-02   1.0688972e-01   7.7168941e-02   3.8982583e-02   8.6688608e-02   4.7316893e-02   1.7089575e-02   3.3051243e-02   8.8014632e-02   3.2538915e-02   8.9168125e-02   7.5823138e-03   1.2872511e-01   8.1748858e-02
   1.0535106e-01   3.2106357e-01   3.1773584e-01   2.5680987e-01   3.4315573e-01   2.3991718e-01   3.2115998e-01   2.9666446e-01   2.5290824e-01   2.1867604e-01   4.9557702e-02   7.0738710e-02   2.7518700e-02   3.6707523e-01   2.1751494e-01   1.3715252e-01   1.0000000e+00   2.4718489e-01   5.2572305e-01   1.5856105e-01   1.9669127e-01   1.3218538e-01   8.0275620e-02  -4.0670287e-02   7.4716676e-03  -1.8180576e-01  -1.5324315e-01  -2.1778704e-01  -6.2501297e-02  -1.7060610e-01  -2.4974979e-01   3.4574768e-01   7.5603365e-02  -8.5833947e-02  -6.5696058e-02   1.1404791e-01   9.4970935e-04  -3.0827253e-03  -5.3363710e-02  -1.1480268e-01  -1.1586143e-04  -1.0197600e-01  -1.3544272e-01  -4.8714406e-02   1.4559823e-01  -1.2267990e-01  -2.9560086e-02  -2.7607806e-01   6.9479731e-02   1.1163598e-01   1.1114004e-02  -8.7324351e-02  -3.5381223e-02  -1.0207021e-01  -7.9228572e-02  -3.2968601e-02  -8.5472548e-02   1.3590759e-01   2.7978953e-01   2.7707795e-01   1.4975423e-01   2.4535391e-01   2.2887200e-01   2.5302452e-01   2.6213696e-01   1.9926539e-01   9.2475648e-02   5.5247067e-02   1.2229011e-01   4.6824223e-02   8.3656500e-02   1.6233104e-02   3.5185331e-02   2.8593822e-01   1.3251019e-01   3.5435980e-01   1.2183938e-01   1.8848214e-01   1.4282604e-01   1.7311707e-02  -2.9739049e-02  -5.5162579e-02  -2.4454868e-01  -1.7621762e-01  -2.0921243e-01  -4.0354899e-02  -4.8019060e-02  -2.2321374e-01   1.2003309e-01  -3.1824728e-02  -8.0080495e-02  -1.3343257e-01  -6.1493998e-03   1.3530503e-02   5.4089921e-02   5.9472159e-02  -1.3937856e-01   4.9744563e-02  -1.0520914e-01  -1.2388483e-01  -1.1223047e-01   7.7295064e-02  -6.4688893e-02  -1.0658250e-02  -2.1277130e-01   5.6710694e-02   1.0546041e-02  -6.6821198e-03  -9.8281193e-02  -8.8556735e-02  -2.1881293e-02  -8.5992304e-02  -3.5755582e-02  -3.1606946e-02
   1.1232516e-01   2.0976370e-01   2.0030237e-01   1.7622625e-01   2.5693786e-01   2.1168517e-01   1.9094947e-01   2.3473624e-01   1.7842142e-01   1.5731510e-01   4.0023849e-02   1.3254208e-01   4.4729516e-02   1.9749963e-01   8.7000300e-02   7.0356908e-02   2.4718489e-01   1.0000000e+00   3.1675649e-01   3.0869150e-01   2.1179554e-01   1.0439925e-01   2.1452291e-01   8.9596808e-03   1.9443848e-01  -1.4428792e-01  -7.7061519e-02  -1.5926671e-01  -3.0639121e-03  -9.3773787e-02  -2.0238931e-01   1.4429384e-01   5.5486257e-02  -4.6052109e-02   8.4406569e-03   2.0550781e-01   1.1630440e-01   5.3842231e-02  -7.1399284e-02  -9.2876868e-02   2.4713331e-02  -8.4031323e-02  -8.6719720e-02  -4.4892864e-02   1.3754269e-01  -7.6407848e-02   7.5088436e-03  -2.2067754e-01   9.7728780e-02   1.4655344e-01  -1.2221643e-02  -3.7614701e-02   3.7114553e-02  -1.1349959e-01  -5.5893256e-02  -2.3394211e-02   2.3086814e-04   1.7033792e-01   2.2489007e-01   2.2086732e-01   9.8520417e-02   1.8608055e-01   1.5039741e-01   1.4030399e-01   1.9133980e-01   1.4387337e-01   6.7888574e-02   2.5725282e-02   1.0375218e-01   5.4522897e-02   2.6163384e-02  -5.6079978e-02  -4.0685285e-02   1.4663978e-01   1.1123587e-01   2.7064478e-01   1.4024209e-01   2.0110511e-01   9.5641825e-02   4.3468637e-02  -6.3868902e-02   5.8674227e-03  -2.0080992e-01  -1.2295018e-01  -1.6163313e-01  -3.3776882e-02  -7.6001439e-02  -2.2071287e-01   2.6529548e-02  -5.1033498e-02  -6.1574399e-02  -8.0104710e-02   2.0594289e-03  -1.6298657e-02   4.5853353e-02   5.1343647e-02  -1.1978082e-01   4.1383648e-02  -7.4064454e-02  -8.0599388e-02  -1.5715901e-01   9.3828470e-02  -2.9429332e-02   2.1019629e-03  -1.7253428e-01   3.1321588e-02   1.0884939e-02  -8.2561555e-03  -2.7690747e-02  -6.6394153e-02   1.9882448e-02  -9.7181899e-02  -7.8586041e-03  -4.3175464e-02
   1.3827069e-01   3.7358794e-01   3.7731385e-01   3.0511539e-01   3.7532052e-01   3.3196210e-01   3.4405692e-01   3.6629917e-01   2.7448338e-01   2.1865872e-01   8.8965182e-02   7.9595358e-02   2.8156325e-02   2.6902840e-01   1.6093834e-01   1.1735097e-01   5.2572305e-01   3.1675649e-01   1.0000000e+00   3.9470303e-01   4.8042940e-01   1.8044041e-01   1.5059219e-01  -3.5759779e-02   6.5608300e-02  -1.9107028e-01  -1.7066310e-01  -2.8419511e-01  -5.6510187e-02  -2.0515052e-01  -3.0769726e-01   3.4542661e-01   6.0208049e-02  -7.0948207e-02  -4.4798944e-02   2.4193812e-01   6.6171372e-02   5.7726261e-02  -8.4362408e-02  -1.1225742e-01   1.0121805e-02  -7.4134205e-02  -1.2901425e-01  -7.6406785e-02   2.0280555e-01  -8.6090798e-02  -2.8320227e-02  -3.2786843e-01   1.2726683e-01   1.5805958e-01  -1.5022272e-02  -7.2762453e-02   1.6530906e-04  -1.0178638e-01   1.8094274e-02  -7.1755824e-02  -6.4394480e-02   2.1691837e-01   3.6623879e-01   3.4619204e-01   1.9732425e-01   2.8269875e-01   2.6824167e-01   3.0166652e-01   2.9527690e-01   2.1446654e-01   1.2808742e-01   7.7900611e-02   1.7829151e-01   7.1447963e-02   1.1101248e-01   2.1564617e-02   4.7854502e-02   3.1490173e-01   2.5292262e-01   5.2537680e-01   2.4983671e-01   3.2724067e-01   2.1260216e-01   7.3489686e-02  -4.6297404e-02   7.9157801e-03  -3.2325747e-01  -2.2831676e-01  -2.4652354e-01  -7.2798965e-02  -1.0846077e-01  -2.1259797e-01   9.2180411e-02  -4.7061697e-02  -6.8844141e-02  -1.2081507e-01   5.8644390e-04  -2.6051738e-02   9.1003991e-02   5.2880800e-02  -1.5506454e-01   7.2586982e-02  -6.1186999e-02  -1.0567159e-01  -9.0074819e-02   1.1186463e-01  -1.0343371e-01  -2.5124787e-02  -2.2947764e-01   8.4470988e-02   2.0089615e-02   1.7158312e-02  -4.8452625e-02  -8.2422210e-02  -6.4390887e-03  -7.6252520e-02  -5.7272827e-02  -4.5380435e-02
   1.5352769e-01   1.1901907e-01   1.3941335e-01   7.0792686e-02   1.6295039e-01   1.0456971e-01   1.0599453e-01   1.0619823e-01   7.9768775e-02   8.3331392e-02   4.7069886e-02   6.5288740e-02   5.3429092e-03   1.5929370e-01   1.3117976e-01   9.5740064e-02   1.5856105e-01   3.0869150e-01   3.9470303e-01   1.0000000e+00   2.9345719e-01   6.9162650e-02   1.7858965e-01   3.7510346e-02   2.4339554e-01  -6.0049137e-02  -3.5085516e-02  -6.5058652e-02  -7.1596333e-03  -7.3166477e-02  -9.6352832e-02   1.2409059e-01   5.5211223e-02   2.8482152e-02   3.8357393e-02   2.2039122e-01   1.5100065e-01   2.7742088e-02  -6.2924438e-04  -1.4840575e-02   1.1977815e-03  -1.7174575e-02  -5.0777859e-02  -4.2836328e-02   8.9009784e-02   6.5647983e-03   2.7018377e-02  -9.1691597e-02   4.9172331e-02   1.1737948e-01  -2.6418820e-02   1.9395847e-02   3.0925445e-02  -2.0206677e-02   4.0960870e-02  -3.3153623e-02   3.8949546e-03   1.3595751e-01   1.4963771e-01   1.5375968e-01   5.6585588e-02   1.2579102e-01   8.3161894e-02   8.7206493e-02   9.3197385e-02   1.0661062e-01   3.8344909e-02   3.3717984e-02   7.5688489e-02   4.6060166e-02   4.0793030e-02   2.9383342e-02   5.5934671e-02   1.1983545e-01   1.5483817e-01   2.3104781e-01   1.8960562e-01   1.2174927e-01   1.0713098e-01   7.4501077e-02   1.6989446e-02   1.6053152e-02  -1.5982257e-01  -8.6538652e-02  -6.8129820e-02  -2.2024116e-02  -2.1249182e-02  -1.2399573e-01   1.0666967e-01   8.3662820e-03   3.4424013e-02  -1.8392667e-02   1.0877871e-02   5.4595358e-02   6.6147508e-02   6.4958262e-02  -5.9766140e-02   2.0632516e-02  -1.4479870e-02  -6.5754503e-02  -4.8813802e-02   6.5918665e-02  -2.0875993e-02  -9.8206540e-03  -8.2374808e-02   5.3924704e-02  -1.6668757e-03  -1.8284926e-03   1.5860145e-02  -4.9140041e-02   3.1723480e-02  -6.3474273e-02   2.8598739e-03  -9.7938930e-03
   1.0465534e-01   2.4973091e-01   2.5315236e-01   1.6811180e-01   2.2694032e-01   2.4376723e-01   2.1054763e-01   2.3252824e-01   1.9776247e-01   1.1585934e-01   3.5649837e-02   6.2148708e-02   8.2140151e-03   1.3517611e-01   7.0783616e-02   5.7649565e-02   1.9669127e-01   2.1179554e-01   4.8042940e-01   2.9345719e-01   1.0000000e+00   1.2150291e-01   7.7736173e-02  -4.9687312e-02   9.1832182e-02  -1.8725693e-01  -1.5114031e-01  -2.2024585e-01  -1.2353143e-02  -1.1740695e-01  -1.8737100e-01   1.3389651e-01  -1.1551242e-02  -5.0018740e-02   3.0596448e-02   2.7976127e-01   1.1741106e-01   8.5230316e-03  -3.6215220e-02  -5.8336775e-02   6.1114657e-02  -1.0330246e-02  -6.6342139e-02  -4.4160297e-02   1.3345025e-01  -7.1305150e-02  -1.2797330e-02  -2.1133930e-01   9.1930256e-02   1.5396965e-01   3.0572684e-02  -3.2440704e-02   6.4414191e-02  -7.5851344e-02   1.9176700e-02  -1.0328786e-01  -4.8393013e-02   1.9300692e-01   2.4167083e-01   2.5056425e-01   1.2107098e-01   1.8757266e-01   1.7321824e-01   1.8867559e-01   2.1513043e-01   1.3793864e-01   7.6156889e-02   1.7155869e-02   1.0464804e-01   6.7939602e-02   7.5084053e-02   4.0216907e-03  -3.0711728e-02   1.7616622e-01   1.6406855e-01   3.4141917e-01   2.8266247e-01   3.0368044e-01   1.2732136e-01   9.6270071e-03  -9.3209153e-02  -8.6251765e-02  -2.2790822e-01  -2.1231827e-01  -1.8891110e-01  -6.6844827e-02  -8.5094257e-02  -1.7246021e-01   5.9170850e-03  -1.1621686e-01  -4.7897809e-02  -8.1312221e-02   1.9584337e-02   1.3372568e-02   4.5585130e-02   1.3326342e-02  -1.1393802e-01   1.4620825e-02  -4.4045052e-02  -4.8293150e-02  -7.8352032e-02   3.0477659e-02  -1.1758211e-01  -1.0006365e-02  -2.0323025e-01   2.2309976e-02   7.7004027e-03  -6.3224817e-03  -3.9923799e-02  -1.2882860e-01   2.0647809e-03  -6.6982588e-02  -7.3330860e-02  -7.7294117e-02
