0,0.54593,0.72349,0.54191,0.28702,0.22343,0.40555,0.48741,0.31622,0.32544,0.23818,0.25958,0.17462,0.15617,0.16444,0.16138,0.18832,0.21047,0.27391,0.22988,0.1802,0.21132,0.1949,0.18057,0.16425,0.15036,0.16962,0.13129,0.15777,0.18208,0.19824,0.16243,0.13784,0.13262,0.13717,0.13314,0.13822,0.12932,0.13055,0.25539,0.20296,0.15524,0.14463,0.1456,0.20951,0.14419,0.13849,0.1863,0.19791,0.14123,0.16379,0.15892,0.20332,0.16992,0.14699,0.15059,0.1573,0.14096,0.14548,0.16626,0.1362,0.13507,0.14409,0.14863,0.12363,0.14412,0.15296,0.13579,0.12232,0.13194,0.12765,0.14187,0.16987,0.1703,0.24357,0.18289,0.16177,0.19258,0.20008,0.14455,0.21389,0.1734,0.17136,0.22068,0.16286,0.18905,0.21178,0.18342,0.24971,0.44103,0.3159,0.21812,0.20334,0.15676,0.15734,0.19193,0.20329,0.30358,0.15771,0.18458,0.18575,0.21388,0.31389,0.39577,0.15016,0.25317,0.38833,0.59015,0.15897,0.15982,0.15273,0.18385,0.16766,0.23067,0.27373,0.22589,0.14745,0.1267,0.12729,0.13687,0.14329,0.12711,0.14756,0.16475,0.23603,0.2405,0.18454,0.17171,0.15979,0.16426,0.14105,0.1529,0.14571,0.14008,0.13843,0.11465,0.14009,0.13389,0.12244,0.11547,0.11218,0.11359,0.092213,0.11328,0.11959,0.12771,0.14111,0.18776,0.17332,0.1561,0.1348,0.14585,0.14234,0.12702,0.10136,0.091456,0.08961,0.088827,0.10577,0.10353,0.097547,0.096154,0.090103,0.095227,0.12992,0.10928,0.10838,0.12775,0.12259,0.13441,0.15685,0.11383,0.10589,0.096629,0.11403,0.10691,0.12239,0.12725,0.13076,0.12241,0.12915,0.14422,0.17126,0.15723,0.15512,0.13686,0.12147,0.11933,0.13183,0.13474,0.12771,0.12568,0.11806,0.10149,0.10331,0.10085,0.11281,0.10205,0.12044,0.12342,0.10531,0.10174,0.10876,0.10334,0.098242,0.10422,0.12339,0.094359,0.10195,0.096291,0.095926,0.10123,0.12,0.11585,0.095876,0.12108,0.14905,0.13974,0.12277
0.54593,0,0.89273,0.62488,0.53792,0.15947,0.23269,0.25751,0.20024,0.41169,0.28132,0.31165,0.19674,0.18664,0.18391,0.20561,0.25144,0.34252,0.43143,0.18723,0.19242,0.2446,0.22286,0.20432,0.18366,0.17017,0.19041,0.14341,0.17561,0.20625,0.23418,0.18139,0.15127,0.15353,0.15966,0.14562,0.16108,0.13249,0.15076,0.174,0.18807,0.15866,0.15064,0.13777,0.26693,0.16924,0.16145,0.23036,0.24837,0.15781,0.18309,0.1899,0.25696,0.20583,0.17312,0.17813,0.17681,0.14406,0.16875,0.19601,0.15309,0.14794,0.16212,0.14252,0.13631,0.19581,0.1587,0.13894,0.12386,0.1241,0.13588,0.1468,0.17698,0.17746,0.25847,0.22517,0.18099,0.23076,0.22429,0.14986,0.21819,0.18082,0.17886,0.20341,0.15326,0.19823,0.19007,0.16691,0.22007,0.35627,0.2553,0.18741,0.17639,0.1477,0.16897,0.18529,0.19606,0.28773,0.18476,0.22773,0.17327,0.19751,0.2729,0.34312,0.17161,0.34208,0.64582,0.95169,0.12312,0.14818,0.1357,0.1506,0.1695,0.16625,0.18232,0.15978,0.13805,0.13795,0.13866,0.1501,0.15785,0.13844,0.16485,0.18105,0.21151,0.2119,0.15803,0.19305,0.17811,0.18368,0.15514,0.16959,0.16079,0.15396,0.15197,0.12378,0.15397,0.15522,0.13526,0.12474,0.12091,0.12356,0.098032,0.1222,0.12433,0.14558,0.13769,0.13971,0.14145,0.13905,0.12216,0.1188,0.1667,0.14606,0.11313,0.097176,0.092253,0.091416,0.10322,0.10613,0.10068,0.099194,0.094057,0.10262,0.14992,0.12309,0.11729,0.13787,0.1281,0.13883,0.1629,0.11698,0.11364,0.10304,0.12306,0.11481,0.13763,0.11569,0.12445,0.11548,0.13322,0.14932,0.1785,0.16331,0.16103,0.14144,0.12506,0.12279,0.13608,0.13917,0.13169,0.12954,0.12145,0.10399,0.1059,0.098641,0.1144,0.098738,0.11585,0.11096,0.1028,0.10773,0.11694,0.10992,0.10487,0.099715,0.11292,0.10046,0.10911,0.10265,0.098154,0.10372,0.1235,0.1116,0.10147,0.12465,0.14209,0.12851,0.1333
0.72349,0.89273,0,0.82139,0.47577,0.18079,0.28396,0.29122,0.22005,0.28175,0.21391,0.23101,0.16121,0.16958,0.17243,0.20771,0.25459,0.27327,0.44079,0.18498,0.17106,0.19199,0.17834,0.16627,0.15232,0.14293,0.15693,0.126,0.14674,0.16754,0.18552,0.15076,0.12935,0.131,0.13544,0.1252,0.13646,0.11537,0.12898,0.20116,0.16714,0.13472,0.12889,0.13783,0.20549,0.14227,0.13672,0.18311,0.19431,0.13411,0.15193,0.15659,0.19953,0.16726,0.145,0.1485,0.14758,0.12723,0.1498,0.17342,0.13068,0.12691,0.13721,0.14331,0.11993,0.16059,0.17449,0.12023,0.13327,0.11978,0.11793,0.16021,0.19684,0.19743,0.30315,0.18094,0.16713,0.20956,0.20834,0.15898,0.24651,0.2016,0.2023,0.20753,0.16507,0.22164,0.1869,0.16924,0.19574,0.29658,0.2928,0.20686,0.19352,0.15086,0.15139,0.16367,0.18773,0.27016,0.15308,0.18144,0.15915,0.17936,0.21891,0.29184,0.14394,0.24732,0.37473,0.46063,0.13053,0.14334,0.13162,0.15396,0.15062,0.1855,0.21236,0.17249,0.12759,0.11949,0.12002,0.13521,0.13413,0.13366,0.1563,0.17735,0.20177,0.1918,0.15445,0.15872,0.14848,0.15233,0.13217,0.14252,0.13625,0.13131,0.12986,0.10939,0.13132,0.13223,0.11746,0.10945,0.10649,0.10854,0.088332,0.10748,0.11012,0.12517,0.12281,0.1567,0.14651,0.13402,0.11801,0.12138,0.14047,0.12552,0.10041,0.087637,0.089104,0.086937,0.10967,0.11296,0.098873,0.09324,0.085091,0.092036,0.12836,0.10817,0.10608,0.1238,0.12318,0.15076,0.17957,0.12534,0.11039,0.09341,0.10816,0.10173,0.11924,0.11218,0.11699,0.12085,0.14417,0.16321,0.19872,0.18007,0.1773,0.15385,0.13466,0.13204,0.14752,0.15117,0.14238,0.13987,0.13049,0.11054,0.1127,0.10452,0.12239,0.10356,0.11084,0.11846,0.1092,0.10641,0.11141,0.097867,0.093849,0.10573,0.1197,0.0903,0.097229,0.094797,0.10397,0.11024,0.13286,0.11301,0.10138,0.13418,0.13462,0.12484,0.11598
0.54191,0.62488,0.82139,0,0.46857,0.19005,0.3075,0.25661,0.19969,0.25101,0.20716,0.20992,0.15065,0.1713,0.17421,0.2103,0.25848,0.2881,0.45258,0.19469,0.17012,0.1772,0.16551,0.15506,0.14286,0.13375,0.14691,0.12695,0.13794,0.15617,0.17034,0.14149,0.12841,0.12325,0.12717,0.11873,0.12807,0.11739,0.12146,0.21269,0.17503,0.13835,0.12986,0.13471,0.18703,0.13317,0.1283,0.16831,0.17773,0.12599,0.14252,0.14564,0.18208,0.15483,0.13556,0.13861,0.13782,0.13275,0.16894,0.17308,0.12911,0.12027,0.12873,0.13974,0.12931,0.17293,0.16953,0.12269,0.13035,0.11742,0.11601,0.15861,0.19055,0.1911,0.28848,0.19474,0.18219,0.26177,0.23228,0.19713,0.32686,0.19501,0.25059,0.26858,0.20039,0.29034,0.20838,0.16733,0.20239,0.31213,0.27827,0.1995,0.18706,0.15476,0.14741,0.15645,0.17982,0.25234,0.1426,0.1669,0.15232,0.17074,0.22037,0.26967,0.13464,0.22106,0.31759,0.38378,0.13529,0.14456,0.13636,0.16063,0.15501,0.19526,0.22525,0.1809,0.13213,0.11359,0.11406,0.1363,0.13174,0.13472,0.15775,0.17923,0.20421,0.20226,0.16116,0.15002,0.13948,0.14287,0.12499,0.13484,0.12864,0.12422,0.12292,0.11011,0.12423,0.12434,0.11119,0.10447,0.10177,0.10316,0.087337,0.10269,0.11084,0.11807,0.12702,0.16361,0.15253,0.13904,0.12189,0.12346,0.13159,0.11839,0.095791,0.08442,0.087792,0.085688,0.10769,0.11086,0.097259,0.091804,0.085043,0.089593,0.12091,0.10283,0.10422,0.12112,0.12068,0.14704,0.17432,0.12276,0.10838,0.091968,0.1055,0.097422,0.11279,0.11568,0.11368,0.11845,0.14077,0.15886,0.19231,0.17479,0.17218,0.14998,0.13169,0.12918,0.14396,0.14743,0.13906,0.13666,0.12769,0.10853,0.11061,0.10272,0.11992,0.1018,0.11157,0.11615,0.10723,0.10709,0.11215,0.098347,0.091796,0.10388,0.1172,0.086889,0.093286,0.093313,0.10219,0.10823,0.12996,0.11091,0.099687,0.13123,0.1357,0.12577,0.11314
0.28702,0.53792,0.47577,0.46857,0,0.20371,0.24713,0.18065,0.16377,0.30839,0.37133,0.19733,0.15914,0.25026,0.22661,0.28642,0.40702,0.64204,0.4592,0.2872,0.26708,0.20987,0.21701,0.1735,0.1442,0.13999,0.15663,0.15268,0.15952,0.18934,0.1806,0.15681,0.15479,0.13568,0.1328,0.1382,0.13378,0.13572,0.12773,0.20357,0.20428,0.16456,0.1453,0.15057,0.19947,0.13936,0.13403,0.17832,0.18892,0.13152,0.18027,0.15934,0.21068,0.16325,0.14198,0.14533,0.14445,0.1568,0.20992,0.20171,0.17133,0.15281,0.14238,0.13307,0.14303,0.18737,0.16462,0.14586,0.13685,0.12832,0.13107,0.15185,0.18437,0.18489,0.27455,0.22262,0.20117,0.26592,0.2291,0.14797,0.23986,0.18854,0.18168,0.22687,0.16621,0.17926,0.16068,0.14746,0.15856,0.21884,0.23321,0.17522,0.16555,0.14697,0.16654,0.19756,0.20455,0.23409,0.14972,0.17674,0.13462,0.14602,0.19644,0.20949,0.14096,0.23865,0.35519,0.34367,0.14447,0.18566,0.16646,0.18947,0.22038,0.21492,0.23734,0.17212,0.17002,0.1362,0.13096,0.16466,0.17562,0.16431,0.22786,0.25371,0.29711,0.29787,0.19259,0.20404,0.15896,0.17041,0.15306,0.15157,0.14377,0.13084,0.14923,0.1279,0.14435,0.12971,0.11835,0.11834,0.11489,0.11638,0.10192,0.11797,0.1335,0.12291,0.13077,0.1699,0.15798,0.14355,0.13122,0.13731,0.13763,0.12325,0.10033,0.093252,0.097195,0.096275,0.11651,0.11366,0.1066,0.10494,0.098235,0.10384,0.12599,0.10648,0.10494,0.11737,0.13051,0.14333,0.16914,0.12111,0.11788,0.099895,0.11684,0.10938,0.11719,0.11886,0.12298,0.12387,0.13737,0.15459,0.18609,0.20091,0.16712,0.16369,0.14599,0.14186,0.14041,0.14374,0.13578,0.13349,0.14109,0.11806,0.11639,0.10553,0.11747,0.11201,0.13455,0.11383,0.11128,0.12987,0.13739,0.11395,0.10804,0.10457,0.12009,0.096358,0.10429,0.098373,0.10039,0.11634,0.12709,0.12884,0.10092,0.13518,0.17129,0.15577,0.13845
0.22343,0.15947,0.18079,0.19005,0.20371,0,0.49757,0.27616,0.24572,0.16638,0.16962,0.14269,0.14513,0.17272,0.13911,0.15008,0.1911,0.29838,0.21131,0.34296,0.27099,0.19583,0.16176,0.18787,0.15702,0.14684,0.13267,0.11644,0.11182,0.13279,0.11914,0.122,0.11416,0.11378,0.12027,0.13473,0.13848,0.14702,0.13979,0.28906,0.23099,0.18146,0.16111,0.1646,0.10812,0.088854,0.091143,0.10159,0.11359,0.09994,0.11429,0.095766,0.10645,0.1028,0.12284,0.10511,0.11295,0.11288,0.11416,0.13724,0.11063,0.1026,0.10244,0.10206,0.098094,0.098274,0.13158,0.15126,0.14835,0.14673,0.1382,0.10761,0.11142,0.11161,0.13902,0.11663,0.10747,0.12296,0.12314,0.10099,0.13093,0.11293,0.11624,0.12962,0.10725,0.11874,0.12238,0.1227,0.11792,0.1483,0.16036,0.13063,0.12518,0.10583,0.10861,0.11714,0.12579,0.15811,0.10027,0.10108,0.11481,0.12497,0.13969,0.17084,0.10014,0.11869,0.14183,0.16207,0.17878,0.24597,0.21338,0.25271,0.26506,0.42325,0.46866,0.26809,0.20313,0.14882,0.1421,0.168,0.15633,0.17298,0.20453,0.2761,0.48901,0.43502,0.23512,0.22951,0.17387,0.16594,0.16093,0.17707,0.17069,0.13885,0.14571,0.12991,0.14486,0.14949,0.12009,0.11869,0.11521,0.11323,0.10535,0.11968,0.16208,0.15845,0.17962,0.26272,0.23529,0.20465,0.16953,0.17259,0.13805,0.11547,0.11089,0.093464,0.11151,0.1103,0.1377,0.13374,0.12407,0.12183,0.11228,0.12034,0.12366,0.12159,0.11055,0.11917,0.11787,0.11411,0.12735,0.10929,0.11468,0.11048,0.11717,0.10967,0.15035,0.15775,0.14157,0.14256,0.13893,0.13935,0.16444,0.11974,0.16786,0.13851,0.11694,0.14863,0.16801,0.13048,0.12388,0.12197,0.11911,0.11566,0.11355,0.11773,0.12816,0.13145,0.16363,0.13503,0.11538,0.13549,0.1437,0.12792,0.11191,0.12133,0.14273,0.10294,0.11299,0.1101,0.10877,0.10591,0.12514,0.15527,0.11645,0.16456,0.22137,0.19612,0.16703
0.40555,0.23269,0.28396,0.3075,0.24713,0.49757,0,0.62061,0.48547,0.19425,0.19868,0.19454,0.19911,0.20296,0.16721,0.16829,0.22881,0.40179,0.25667,0.53069,0.32429,0.27099,0.18884,0.28944,0.21722,0.1827,0.16907,0.143,0.14134,0.17658,0.15325,0.15151,0.13472,0.13419,0.13572,0.16433,0.18306,0.18986,0.18536,0.68979,0.40628,0.25151,0.22481,0.22714,0.13814,0.10654,0.10836,0.12766,0.14163,0.12288,0.12679,0.11663,0.13542,0.11975,0.15054,0.11672,0.12707,0.13916,0.11785,0.1426,0.12827,0.11733,0.12668,0.12839,0.11436,0.12037,0.16872,0.20415,0.17515,0.18004,0.18629,0.13124,0.1322,0.12578,0.15795,0.13035,0.11846,0.1414,0.13777,0.12411,0.15844,0.12512,0.13807,0.14593,0.1259,0.15595,0.1623,0.15439,0.15455,0.21127,0.23662,0.17714,0.16727,0.13441,0.13484,0.15321,0.16835,0.23176,0.12053,0.12684,0.14924,0.16688,0.19422,0.26018,0.12537,0.15587,0.19838,0.24037,0.24158,0.26376,0.245,0.3363,0.28582,0.53496,0.84213,0.43939,0.23168,0.16216,0.18005,0.1685,0.1727,0.17351,0.23197,0.27746,0.5647,0.59095,0.33862,0.26663,0.22154,0.22924,0.19974,0.24014,0.22115,0.18747,0.16187,0.13803,0.16431,0.17412,0.14695,0.13176,0.12719,0.14258,0.11012,0.14157,0.16961,0.1864,0.21641,0.34964,0.30268,0.2538,0.20192,0.20628,0.1588,0.12234,0.11436,0.1012,0.11503,0.11374,0.1431,0.13883,0.12844,0.12604,0.11584,0.12445,0.14122,0.12578,0.11951,0.14024,0.13844,0.12123,0.13196,0.11595,0.11917,0.11841,0.12958,0.12047,0.17529,0.18543,0.16453,0.16232,0.15997,0.14489,0.17221,0.1238,0.17596,0.14398,0.13067,0.15495,0.18686,0.13555,0.13838,0.13551,0.13809,0.11945,0.11767,0.12878,0.14585,0.13637,0.17132,0.16803,0.13615,0.13582,0.14407,0.13868,0.12695,0.13309,0.16604,0.12054,0.13321,0.12371,0.11211,0.11823,0.12958,0.16217,0.12029,0.17233,0.23568,0.20727,0.17505
0.48741,0.25751,0.29122,0.25661,0.18065,0.27616,0.62061,0,0.5608,0.19515,0.16,0.16937,0.15827,0.15294,0.13743,0.13239,0.16717,0.24389,0.18157,0.28607,0.21299,0.20055,0.15171,0.21048,0.1695,0.15333,0.13868,0.12064,0.11945,0.14369,0.14092,0.12664,0.11805,0.11764,0.12459,0.14017,0.14796,0.15237,0.14945,0.40381,0.26614,0.18968,0.17408,0.17548,0.14653,0.11127,0.10785,0.13478,0.14076,0.1095,0.12259,0.11984,0.14347,0.12599,0.12743,0.11504,0.11892,0.11789,0.11204,0.12397,0.10999,0.10576,0.11121,0.1139,0.0996,0.11123,0.13844,0.16524,0.14255,0.14598,0.15006,0.11216,0.12597,0.12621,0.16241,0.13299,0.12146,0.13804,0.14185,0.11149,0.14866,0.1279,0.12678,0.1519,0.12207,0.13622,0.14763,0.13327,0.16512,0.23153,0.19167,0.15069,0.14348,0.11861,0.11894,0.13771,0.14346,0.18707,0.11916,0.13388,0.13449,0.14865,0.19093,0.21842,0.1148,0.16662,0.21613,0.26694,0.23591,0.18509,0.21888,0.24839,0.1957,0.2873,0.54184,0.42099,0.1687,0.134,0.14817,0.13252,0.13826,0.1356,0.16885,0.19174,0.29567,0.30271,0.246,0.1865,0.18304,0.17673,0.15866,0.18659,0.17952,0.15082,0.1338,0.11848,0.13546,0.15622,0.1244,0.11577,0.11084,0.12034,0.096369,0.11962,0.13607,0.16604,0.18943,0.28424,0.2524,0.21747,0.17824,0.20814,0.14377,0.1056,0.096568,0.089462,0.098554,0.097607,0.11628,0.11345,0.10824,0.10653,0.09915,0.10539,0.12823,0.10458,0.10348,0.11867,0.12795,0.1109,0.1235,0.10283,0.10323,0.099438,0.11095,0.1042,0.15729,0.16526,0.16444,0.16346,0.16108,0.12506,0.14431,0.11888,0.13831,0.11687,0.11488,0.13494,0.16639,0.1304,0.12079,0.12183,0.13622,0.10732,0.11631,0.12715,0.14678,0.12456,0.15309,0.16527,0.13433,0.12325,0.11692,0.11335,0.11023,0.12417,0.15237,0.10536,0.11492,0.10778,0.096506,0.11113,0.11879,0.14562,0.10076,0.13488,0.17081,0.19591,0.16168
0.31622,0.20024,0.22005,0.19969,0.16377,0.24572,0.48547,0.5608,0,0.16038,0.16366,0.1829,0.18694,0.15437,0.15854,0.15054,0.15551,0.21984,0.1679,0.3404,0.24311,0.24893,0.17786,0.26441,0.20281,0.1724,0.16021,0.13661,0.13509,0.16694,0.14593,0.14435,0.12904,0.12855,0.1194,0.15595,0.17272,0.17876,0.17477,0.66343,0.35863,0.2324,0.20941,0.21144,0.12602,0.10295,0.10465,0.11723,0.13536,0.11813,0.11726,0.11234,0.12375,0.11053,0.14347,0.11143,0.10505,0.1331,0.11121,0.13299,0.12311,0.11299,0.12164,0.11579,0.11024,0.11581,0.1599,0.19675,0.16539,0.17003,0.17559,0.12584,0.12672,0.12081,0.13759,0.11587,0.10702,0.11969,0.12254,0.099203,0.12759,0.11199,0.12219,0.12998,0.1075,0.11832,0.12684,0.14697,0.13953,0.18417,0.15908,0.12978,0.1244,0.12229,0.1223,0.11944,0.125,0.15687,0.10523,0.11655,0.11701,0.12759,0.15753,0.17578,0.10181,0.1406,0.17429,0.2059,0.19213,0.17091,0.18068,0.19867,0.1799,0.25451,0.30795,0.29928,0.15683,0.15399,0.17003,0.15172,0.15965,0.14077,0.17894,0.20225,0.26105,0.26652,0.21035,0.19574,0.20657,0.21325,0.18749,0.22265,0.20624,0.17664,0.15373,0.13207,0.15593,0.14397,0.14021,0.12632,0.12211,0.13623,0.1063,0.13531,0.15066,0.14503,0.15546,0.25627,0.22023,0.1718,0.16157,0.16294,0.13974,0.11763,0.1058,0.097954,0.10598,0.10489,0.11568,0.11118,0.11727,0.11526,0.10752,0.11393,0.13498,0.10732,0.11502,0.13409,0.13245,0.11661,0.12334,0.11171,0.1147,0.10847,0.12431,0.1159,0.14365,0.13748,0.14459,0.13422,0.13262,0.11159,0.12712,0.10792,0.12915,0.11105,0.1049,0.11938,0.13492,0.11581,0.10768,0.109,0.12038,0.097243,0.10456,0.11324,0.12277,0.11119,0.13337,0.14252,0.1189,0.12353,0.12302,0.12524,0.12189,0.11096,0.13282,0.11597,0.12765,0.1189,0.10434,0.10255,0.10657,0.12766,0.099407,0.12718,0.15866,0.16473,0.14732
0.32544,0.41169,0.28175,0.25101,0.30839,0.16638,0.19425,0.19515,0.16038,0,0.5134,0.40722,0.23096,0.28407,0.26106,0.21782,0.22989,0.37608,0.24593,0.24239,0.36128,0.34609,0.26656,0.24148,0.21314,0.17175,0.22228,0.16757,0.20237,0.24418,0.23719,0.21009,0.17071,0.14877,0.15156,0.16355,0.15228,0.14619,0.14612,0.18608,0.24433,0.18019,0.16448,0.17551,0.2436,0.15955,0.15261,0.21278,0.22805,0.17594,0.25891,0.17779,0.23804,0.19167,0.16299,0.16743,0.16627,0.13617,0.15912,0.18025,0.1964,0.17245,0.1605,0.17841,0.17158,0.15454,0.1814,0.17008,0.15524,0.146,0.16232,0.16601,0.20568,0.20633,0.32464,0.20834,0.16995,0.23784,0.20617,0.13526,0.21866,0.21088,0.20234,0.15303,0.14171,0.15551,0.17893,0.15826,0.20527,0.31904,0.2356,0.17657,0.16676,0.16209,0.2442,0.22172,0.20677,0.1939,0.2232,0.21605,0.15442,0.17392,0.25051,0.26605,0.16166,0.30469,0.52434,0.72555,0.12463,0.15626,0.14067,0.15676,0.17734,0.17378,0.18815,0.14469,0.16196,0.16529,0.1663,0.18304,0.1947,0.16599,0.20682,0.19001,0.22385,0.24042,0.23718,0.2548,0.22647,0.23555,0.17566,0.19442,0.18294,0.17415,0.1711,0.13872,0.17417,0.14704,0.13647,0.13767,0.13302,0.13502,0.10585,0.13458,0.13718,0.13835,0.14047,0.16236,0.17456,0.15532,0.14254,0.15857,0.15729,0.13879,0.11389,0.10485,0.099131,0.098174,0.11727,0.11582,0.10894,0.1072,0.10601,0.10605,0.14227,0.11788,0.11804,0.13138,0.12658,0.15589,0.1869,0.12887,0.12427,0.11171,0.13564,0.12568,0.13115,0.13446,0.13622,0.13148,0.14886,0.16925,0.20774,0.18745,0.18445,0.1592,0.13874,0.13596,0.15244,0.15633,0.14695,0.14427,0.13431,0.11328,0.11555,0.10696,0.12575,0.11271,0.13557,0.1216,0.11187,0.12155,0.12824,0.12321,0.11996,0.10936,0.11883,0.11422,0.12554,0.11706,0.10639,0.11295,0.13683,0.12978,0.10368,0.13824,0.17294,0.14441,0.16009
0.23818,0.28132,0.21391,0.20716,0.37133,0.16962,0.19868,0.16,0.16366,0.5134,0,0.4013,0.27848,0.45351,0.53113,0.37833,0.4163,0.39304,0.27116,0.26478,0.41339,0.47775,0.52218,0.24988,0.21151,0.19107,0.2274,0.24877,0.26747,0.30384,0.21021,0.25992,0.25444,0.2066,0.1726,0.22013,0.15815,0.1632,0.15986,0.21725,0.30103,0.20676,0.18836,0.19,0.20344,0.15799,0.15666,0.18148,0.19248,0.19917,0.35036,0.2148,0.1976,0.18494,0.14398,0.1735,0.18537,0.13468,0.14094,0.15221,0.3181,0.25967,0.2117,0.20739,0.23263,0.16847,0.15303,0.19223,0.16413,0.15589,0.18642,0.14193,0.16996,0.1704,0.24377,0.20032,0.16372,0.23367,0.17364,0.15365,0.17119,0.17349,0.16767,0.14477,0.14656,0.13426,0.14893,0.13628,0.16674,0.23474,0.18622,0.15473,0.18075,0.22569,0.30196,0.21318,0.17821,0.15916,0.24527,0.17985,0.15491,0.14814,0.20029,0.20474,0.14293,0.24435,0.36798,0.39937,0.12868,0.16527,0.14298,0.15963,0.18102,0.17732,0.1923,0.14713,0.184,0.20081,0.2023,0.21631,0.233,0.21803,0.22339,0.22684,0.22975,0.26244,0.25858,0.31398,0.27629,0.31494,0.23936,0.25612,0.18604,0.17306,0.24949,0.18159,0.20253,0.17645,0.17372,0.16538,0.15288,0.15752,0.12801,0.17258,0.168,0.16726,0.16807,0.17211,0.19707,0.18979,0.16146,0.16786,0.13951,0.12725,0.12537,0.1145,0.11428,0.11301,0.12841,0.12496,0.12752,0.12515,0.11958,0.12358,0.14129,0.11429,0.13042,0.12988,0.12631,0.13447,0.15693,0.13376,0.13807,0.13152,0.15498,0.1414,0.14217,0.14877,0.14302,0.13781,0.13585,0.14429,0.17136,0.15731,0.15519,0.13692,0.12411,0.12266,0.13828,0.1348,0.12776,0.12573,0.1181,0.11125,0.10334,0.11087,0.12554,0.12296,0.15068,0.11488,0.11844,0.13973,0.15084,0.1426,0.13762,0.12385,0.13028,0.13012,0.14502,0.13383,0.11566,0.11347,0.12004,0.14356,0.10973,0.15146,0.19831,0.16169,0.18961
0.25958,0.31165,0.23101,0.20992,0.19733,0.14269,0.19454,0.16937,0.1829,0.40722,0.4013,0,0.53358,0.35212,0.42492,0.3014,0.25771,0.19972,0.18094,0.24435,0.24975,0.35627,0.77166,0.59331,0.44722,0.28536,0.48943,0.26566,0.40228,0.60988,0.23507,0.43401,0.29393,0.21704,0.24141,0.27333,0.19027,0.22805,0.22789,0.25252,0.37327,0.32321,0.23578,0.21644,0.18008,0.18721,0.19583,0.19856,0.20848,0.30978,0.2762,0.22292,0.17548,0.21205,0.15538,0.15933,0.1766,0.16343,0.16387,0.14,0.27352,0.28162,0.25836,0.237,0.2251,0.23341,0.16274,0.19547,0.17126,0.18152,0.21694,0.12759,0.13666,0.13694,0.18064,0.16005,0.13639,0.16286,0.15633,0.17268,0.14777,0.13894,0.13517,0.12962,0.16378,0.151,0.15702,0.14937,0.17695,0.25549,0.19904,0.17063,0.20284,0.26927,0.36909,0.1849,0.19963,0.16844,0.23348,0.16371,0.15012,0.15315,0.20957,0.22034,0.14465,0.21141,0.29804,0.4634,0.13655,0.16164,0.14139,0.14079,0.13868,0.14433,0.16799,0.15167,0.1862,0.22933,0.24524,0.23039,0.26247,0.19244,0.18625,0.17156,0.17034,0.19308,0.19817,0.32043,0.28518,0.39122,0.30892,0.37205,0.33216,0.30427,0.29507,0.2046,0.30433,0.20907,0.20525,0.20798,0.19755,0.20199,0.14302,0.20101,0.20686,0.19629,0.21443,0.19032,0.24479,0.25109,0.20092,0.18896,0.15773,0.16111,0.1581,0.14121,0.13103,0.12936,0.14618,0.13906,0.14872,0.14551,0.13338,0.14339,0.15816,0.13981,0.16622,0.14627,0.14584,0.13764,0.12811,0.17169,0.17885,0.15393,0.20337,0.18178,0.17399,0.18398,0.15656,0.15139,0.14935,0.11956,0.13756,0.12836,0.14143,0.12401,0.15611,0.12618,0.14277,0.11296,0.11288,0.10721,0.11449,0.12984,0.12201,0.11625,0.13698,0.1265,0.15603,0.12313,0.13197,0.15895,0.18718,0.16981,0.15623,0.13872,0.13426,0.14663,0.16582,0.15135,0.12852,0.12582,0.12064,0.14841,0.12016,0.15687,0.20768,0.17436,0.21483
0.17462,0.19674,0.16121,0.15065,0.15914,0.14513,0.19911,0.15827,0.18694,0.23096,0.27848,0.53358,0,0.31057,0.37326,0.29305,0.24602,0.18563,0.18009,0.25161,0.25735,0.27027,0.5967,0.63803,0.69768,0.47131,0.6372,0.50745,0.48706,0.80644,0.35368,0.63365,0.38222,0.23765,0.26719,0.30685,0.22457,0.27915,0.2342,0.26028,0.39049,0.43643,0.29082,0.24324,0.22178,0.20357,0.20023,0.21567,0.22743,0.32094,0.31457,0.20508,0.1728,0.21723,0.17752,0.1854,0.19902,0.17485,0.17535,0.14584,0.36053,0.28563,0.28811,0.25733,0.26869,0.25742,0.17744,0.21657,0.18423,0.19587,0.24565,0.13646,0.13749,0.13056,0.13495,0.12479,0.13784,0.12706,0.15877,0.18166,0.11572,0.11023,0.13218,0.13462,0.17183,0.16069,0.15455,0.16166,0.13288,0.17276,0.162,0.17412,0.2132,0.29176,0.33525,0.176,0.1893,0.15563,0.20856,0.15698,0.1594,0.14286,0.15047,0.15595,0.15352,0.15668,0.19123,0.24801,0.13522,0.15229,0.13418,0.13364,0.13764,0.14683,0.17139,0.15443,0.1739,0.21095,0.25255,0.22162,0.23867,0.18958,0.17826,0.1751,0.17384,0.1919,0.18747,0.28565,0.2573,0.34059,0.32063,0.38915,0.45292,0.4026,0.32518,0.21864,0.34647,0.22813,0.27484,0.22701,0.21638,0.24019,0.1605,0.23734,0.22816,0.22657,0.25902,0.1947,0.25208,0.31447,0.22771,0.22275,0.1806,0.17219,0.16877,0.14965,0.13926,0.13738,0.1565,0.14175,0.15942,0.15573,0.14046,0.15331,0.17289,0.14808,0.17804,0.1561,0.15487,0.14565,0.13353,0.18434,0.19262,0.16402,0.22137,0.19603,0.20224,0.21586,0.17906,0.17233,0.1697,0.13019,0.12151,0.12692,0.13421,0.12373,0.16649,0.1204,0.13543,0.10405,0.12413,0.11731,0.11892,0.13694,0.12826,0.11943,0.1539,0.12527,0.1473,0.12495,0.13406,0.16199,0.20232,0.18217,0.15917,0.14103,0.12774,0.14922,0.16914,0.15411,0.1305,0.12845,0.11823,0.14048,0.12623,0.16061,0.19249,0.17218,0.19862
0.15617,0.18664,0.16958,0.1713,0.25026,0.17272,0.20296,0.15294,0.15437,0.28407,0.45351,0.35212,0.31057,0,0.3875,0.68295,0.50786,0.41012,0.27561,0.22448,0.32213,0.37698,0.64766,0.37093,0.21491,0.20206,0.29197,0.23628,0.26608,0.47443,0.20931,0.22064,0.22422,0.19702,0.2169,0.24233,0.15638,0.18292,0.18524,0.20118,0.27104,0.23948,0.18587,0.1776,0.15482,0.13388,0.13587,0.18167,0.18994,0.1648,0.19766,0.14649,0.13763,0.16332,0.13202,0.14298,0.16312,0.15182,0.1522,0.12946,0.22862,0.16512,0.23049,0.21035,0.16335,0.21042,0.13976,0.17357,0.14753,0.15338,0.17794,0.11302,0.12404,0.12427,0.15923,0.13894,0.12312,0.15421,0.13954,0.15693,0.1487,0.12591,0.13004,0.14702,0.14954,0.14103,0.13627,0.12978,0.12192,0.15468,0.13679,0.15127,0.17992,0.23282,0.19339,0.14501,0.13386,0.12442,0.15918,0.12951,0.14003,0.1271,0.13893,0.14106,0.13548,0.15879,0.20314,0.21236,0.14955,0.18768,0.16092,0.16237,0.18456,0.18071,0.1963,0.14946,0.22994,0.2443,0.24172,0.38962,0.40216,0.26676,0.33133,0.22819,0.23549,0.24053,0.25494,0.47637,0.26634,0.42208,0.26269,0.28301,0.24575,0.21857,0.34303,0.23191,0.26638,0.19043,0.18726,0.18953,0.18083,0.18454,0.14884,0.21269,0.17917,0.17977,0.17925,0.18063,0.22898,0.20416,0.1837,0.16632,0.13817,0.14981,0.14721,0.13245,0.11935,0.11796,0.14921,0.14458,0.13385,0.13124,0.13793,0.12952,0.13636,0.13122,0.15422,0.13738,0.13701,0.12931,0.12396,0.15892,0.16503,0.15359,0.18659,0.16753,0.15009,0.16119,0.1419,0.13912,0.13771,0.12367,0.14303,0.1255,0.16096,0.13878,0.14548,0.1415,0.16271,0.11944,0.11133,0.11663,0.12697,0.13648,0.11542,0.12784,0.12467,0.14191,0.18015,0.13203,0.14712,0.18145,0.20131,0.18526,0.15479,0.13759,0.15174,0.14537,0.16421,0.15001,0.12755,0.12489,0.13458,0.17007,0.12458,0.18127,0.25273,0.19611,0.22619
0.16444,0.18391,0.17243,0.17421,0.22661,0.13911,0.16721,0.13743,0.15854,0.26106,0.53113,0.42492,0.37326,0.3875,0,0.61383,0.51128,0.26059,0.28323,0.2028,0.26,0.41157,0.5163,0.39595,0.24565,0.29843,0.39766,0.46793,0.5388,0.6856,0.24223,0.50902,0.48841,0.33811,0.25245,0.28757,0.1694,0.18881,0.19127,0.20832,0.28416,0.24966,0.19194,0.18314,0.17212,0.19775,0.18364,0.21664,0.21666,0.26545,0.22082,0.16242,0.14402,0.21378,0.13803,0.18992,0.20873,0.16842,0.16888,0.16382,0.34168,0.26521,0.33345,0.28485,0.25472,0.24371,0.14317,0.18055,0.14972,0.1575,0.1835,0.11524,0.12876,0.12901,0.16708,0.14546,0.14513,0.16228,0.15344,0.21043,0.12946,0.13078,0.12744,0.1498,0.19736,0.17567,0.15609,0.13272,0.1269,0.16279,0.173,0.20038,0.24177,0.37385,0.38606,0.18907,0.2045,0.16575,0.20132,0.15669,0.17236,0.15319,0.14808,0.14777,0.16552,0.16736,0.21738,0.22796,0.12576,0.15168,0.13371,0.13317,0.15093,0.14424,0.15401,0.13612,0.19667,0.21806,0.24429,0.35827,0.28646,0.29555,0.20072,0.20839,0.17713,0.19093,0.21417,0.29728,0.25279,0.31279,0.28056,0.29063,0.25649,0.23454,0.38301,0.24334,0.32208,0.21729,0.21318,0.21612,0.21072,0.22394,0.1559,0.22741,0.19908,0.20353,0.18564,0.16647,0.20669,0.2081,0.17452,0.16354,0.15178,0.16595,0.16276,0.14491,0.12786,0.12628,0.14225,0.13876,0.14466,0.14161,0.13391,0.13961,0.15099,0.14344,0.17137,0.15025,0.1498,0.14116,0.12777,0.1772,0.18484,0.16113,0.21115,0.18797,0.1522,0.15979,0.1387,0.13462,0.13301,0.11347,0.12956,0.1235,0.13374,0.12047,0.16065,0.12002,0.13494,0.10751,0.10329,0.10167,0.11591,0.13296,0.12477,0.12427,0.12311,0.12031,0.14672,0.12823,0.14241,0.17435,0.19375,0.17808,0.15584,0.13842,0.12731,0.1463,0.16539,0.15099,0.12826,0.12557,0.11526,0.13996,0.12284,0.14747,0.19152,0.15714,0.18883
0.16138,0.20561,0.20771,0.2103,0.28642,0.15008,0.16829,0.13239,0.15054,0.21782,0.37833,0.3014,0.29305,0.68295,0.61383,0,0.63626,0.28958,0.39283,0.21451,0.28876,0.38088,0.49456,0.24069,0.20637,0.2008,0.2681,0.26552,0.33765,0.46033,0.20652,0.27827,0.27199,0.21802,0.21391,0.23859,0.15113,0.15942,0.14732,0.19473,0.25945,0.18626,0.1712,0.17255,0.15329,0.14957,0.15935,0.17957,0.18764,0.20354,0.18191,0.15411,0.1298,0.1887,0.12712,0.1768,0.18915,0.15325,0.15071,0.12931,0.32938,0.18519,0.28311,0.20754,0.18002,0.2076,0.13661,0.17439,0.14167,0.14394,0.16959,0.11096,0.11728,0.11748,0.14825,0.13097,0.12215,0.14445,0.1383,0.15671,0.13572,0.11895,0.11618,0.13529,0.14934,0.13976,0.13508,0.12706,0.11573,0.14486,0.13559,0.15107,0.17785,0.23234,0.237,0.14455,0.15339,0.13051,0.1517,0.14461,0.15785,0.14162,0.13724,0.13285,0.15209,0.1505,0.18654,0.19428,0.14506,0.18066,0.15573,0.155,0.16396,0.15271,0.16959,0.13346,0.23523,0.22235,0.19802,0.38736,0.3157,0.37488,0.29824,0.23408,0.19109,0.22912,0.23023,0.4336,0.24087,0.30468,0.23375,0.24929,0.19355,0.19483,0.24953,0.23111,0.26188,0.18812,0.18502,0.18724,0.17874,0.18237,0.14281,0.2006,0.17431,0.17771,0.1651,0.15907,0.19343,0.18601,0.15889,0.15543,0.13695,0.14837,0.14582,0.13133,0.11717,0.11583,0.14474,0.14038,0.13112,0.12861,0.13765,0.12696,0.13804,0.13012,0.1527,0.1357,0.13533,0.12824,0.12086,0.15731,0.16329,0.15044,0.1835,0.16574,0.14004,0.14644,0.13592,0.13522,0.13389,0.12058,0.13892,0.12232,0.15577,0.13491,0.14412,0.13747,0.15741,0.11656,0.10882,0.11388,0.12372,0.1362,0.11456,0.1276,0.11846,0.13786,0.17367,0.13177,0.1468,0.18096,0.20071,0.18475,0.14792,0.13122,0.14712,0.1368,0.1428,0.13194,0.11425,0.11471,0.13093,0.16428,0.12144,0.17471,0.24016,0.18846,0.21607
0.18832,0.25144,0.25459,0.25848,0.40702,0.1911,0.22881,0.16717,0.15551,0.22989,0.4163,0.25771,0.24602,0.50786,0.51128,0.63626,0,0.53148,0.6027,0.22117,0.29603,0.31692,0.38693,0.30239,0.18926,0.18844,0.25462,0.24432,0.26234,0.35403,0.18201,0.25507,0.24979,0.20352,0.18772,0.20646,0.14274,0.16453,0.1664,0.17916,0.23253,0.20891,0.16691,0.16021,0.13936,0.1426,0.14052,0.16074,0.16718,0.17473,0.19025,0.14169,0.13882,0.16286,0.12216,0.15392,0.1632,0.13692,0.13849,0.13487,0.25795,0.21684,0.20182,0.18293,0.17277,0.18284,0.12876,0.15964,0.14181,0.14024,0.16049,0.11538,0.13324,0.13351,0.17471,0.14391,0.13463,0.16084,0.15035,0.15565,0.16212,0.13541,0.14019,0.16013,0.14838,0.13674,0.12415,0.12025,0.11906,0.1501,0.14826,0.15008,0.17216,0.23002,0.24661,0.14807,0.15736,0.14861,0.15548,0.12559,0.13046,0.12332,0.13523,0.14511,0.12504,0.15398,0.19533,0.20383,0.13801,0.17512,0.15795,0.17851,0.20569,0.20093,0.22039,0.16303,0.21743,0.18358,0.17817,0.26165,0.26866,0.25257,0.27842,0.30049,0.27102,0.28476,0.2072,0.33266,0.2136,0.2601,0.2063,0.23205,0.21367,0.19282,0.21897,0.17962,0.22367,0.16756,0.1651,0.16686,0.16008,0.16298,0.1223,0.16234,0.15652,0.15925,0.1579,0.16103,0.17523,0.17692,0.15155,0.14458,0.12572,0.13528,0.13316,0.12097,0.10885,0.1077,0.13143,0.12782,0.12079,0.11866,0.11758,0.11725,0.12588,0.11994,0.13887,0.12466,0.12435,0.11834,0.1251,0.14267,0.14757,0.13019,0.16388,0.14957,0.13483,0.14075,0.12577,0.12353,0.12242,0.11693,0.1341,0.13451,0.14046,0.12327,0.13174,0.1282,0.14179,0.11062,0.10584,0.10547,0.11386,0.11652,0.1066,0.11311,0.11205,0.12573,0.15485,0.11728,0.12419,0.14779,0.1607,0.15031,0.12601,0.11643,0.13339,0.1197,0.13218,0.12282,0.10735,0.10672,0.11994,0.14734,0.11193,0.15568,0.2056,0.1665,0.18769
0.21047,0.34252,0.27327,0.2881,0.64204,0.29838,0.40179,0.24389,0.21984,0.37608,0.39304,0.19972,0.18563,0.41012,0.26059,0.28958,0.53148,0,0.71064,0.3788,0.38515,0.31179,0.26945,0.20346,0.16492,0.14423,0.17215,0.16738,0.17564,0.21997,0.14545,0.17235,0.16993,0.14717,0.14187,0.15232,0.14445,0.15324,0.14588,0.2539,0.25502,0.19103,0.16925,0.18096,0.15234,0.11459,0.11201,0.13968,0.14611,0.13219,0.18524,0.13889,0.15863,0.13027,0.12341,0.12037,0.12596,0.12603,0.1582,0.15849,0.17581,0.15636,0.14756,0.13904,0.14614,0.14504,0.15938,0.17519,0.15948,0.15201,0.15436,0.14738,0.17782,0.1783,0.26028,0.1653,0.16798,0.20915,0.20966,0.14205,0.23329,0.1817,0.19042,0.22917,0.16744,0.16055,0.14284,0.13818,0.13398,0.17463,0.17107,0.13765,0.13162,0.16054,0.17077,0.15107,0.15513,0.17154,0.15102,0.13871,0.11506,0.12527,0.15393,0.17141,0.11567,0.17417,0.22902,0.25187,0.18641,0.26118,0.22473,0.26879,0.33557,0.32307,0.37653,0.23517,0.23127,0.17188,0.15795,0.20266,0.24175,0.22082,0.31781,0.38404,0.55302,0.55566,0.26637,0.29615,0.21126,0.21914,0.19246,0.17806,0.16718,0.14719,0.18679,0.1497,0.16991,0.13867,0.13009,0.135,0.13052,0.12798,0.118,0.14006,0.16854,0.14635,0.16422,0.23103,0.20954,0.18489,0.16493,0.17256,0.12877,0.11872,0.11388,0.10329,0.11453,0.11326,0.14233,0.13812,0.12783,0.12545,0.11534,0.12387,0.12216,0.12519,0.11607,0.12263,0.12125,0.13935,0.16361,0.12043,0.12983,0.1183,0.13304,0.12345,0.13941,0.14575,0.15212,0.15348,0.145,0.14992,0.17936,0.16403,0.1748,0.14321,0.12548,0.15405,0.17497,0.13969,0.13216,0.12999,0.12256,0.12047,0.11669,0.1211,0.12815,0.13567,0.17023,0.13546,0.13074,0.15717,0.16832,0.13853,0.12629,0.12491,0.14772,0.11022,0.12072,0.11305,0.11164,0.10864,0.12896,0.16119,0.11975,0.17122,0.23362,0.20567,0.17549
0.27391,0.43143,0.44079,0.45258,0.4592,0.21131,0.25667,0.18157,0.1679,0.24593,0.27116,0.18094,0.18009,0.27561,0.28323,0.39283,0.6027,0.71064,0,0.29629,0.24978,0.21671,0.23564,0.20136,0.14646,0.14532,0.179,0.17644,0.18564,0.23187,0.15528,0.18198,0.17927,0.15412,0.14673,0.15794,0.12837,0.13772,0.1304,0.2081,0.20884,0.1675,0.14759,0.15303,0.16903,0.12378,0.11956,0.15359,0.16139,0.13703,0.15286,0.13449,0.16497,0.14228,0.12584,0.12847,0.12842,0.11689,0.14406,0.14015,0.18064,0.15947,0.16453,0.1437,0.13428,0.14373,0.1382,0.14144,0.13889,0.13409,0.12995,0.12908,0.15185,0.1522,0.20817,0.15126,0.16002,0.21187,0.1974,0.13732,0.20736,0.15467,0.16129,0.20636,0.15492,0.17687,0.14268,0.12229,0.14573,0.19513,0.17594,0.14079,0.13448,0.16648,0.17501,0.13813,0.14151,0.17261,0.13189,0.15242,0.12362,0.13548,0.16716,0.19112,0.12505,0.19634,0.26894,0.29686,0.16016,0.21241,0.18765,0.21741,0.22794,0.2221,0.24612,0.1767,0.17448,0.14498,0.13858,0.19504,0.18583,0.19182,0.24217,0.29674,0.3721,0.31183,0.19375,0.2244,0.16285,0.18169,0.16773,0.16754,0.15774,0.14608,0.16282,0.1455,0.16781,0.13412,0.13254,0.13367,0.12928,0.13117,0.10822,0.13279,0.14679,0.12874,0.13339,0.17435,0.16183,0.14672,0.13386,0.13884,0.12242,0.11261,0.11113,0.10251,0.10406,0.103,0.1265,0.12316,0.11491,0.11298,0.10472,0.11171,0.11312,0.11278,0.11508,0.11069,0.10957,0.12288,0.14137,0.11768,0.121,0.10906,0.13175,0.12234,0.11654,0.12094,0.1253,0.12622,0.12043,0.13103,0.15297,0.14168,0.15152,0.12719,0.11443,0.13568,0.15164,0.12315,0.11725,0.11554,0.11064,0.11029,0.10583,0.10945,0.10857,0.12121,0.14807,0.12104,0.11884,0.14028,0.1491,0.12565,0.11515,0.11255,0.13074,0.10146,0.10907,0.10283,0.10166,0.099166,0.11583,0.14118,0.10834,0.14882,0.19381,0.17418,0.15084
0.22988,0.18723,0.18498,0.19469,0.2872,0.34296,0.53069,0.28607,0.3404,0.24239,0.26478,0.24435,0.25161,0.22448,0.2028,0.21451,0.22117,0.3788,0.29629,0,0.73655,0.39981,0.23921,0.41546,0.28961,0.23061,0.20547,0.16821,0.16591,0.21668,0.18256,0.1801,0.15909,0.15615,0.14285,0.19851,0.22651,0.25734,0.23004,0.6991,0.7075,0.38536,0.29408,0.31649,0.13968,0.11992,0.12224,0.12499,0.16632,0.14104,0.15081,0.13287,0.12515,0.12534,0.17873,0.13506,0.12541,0.16826,0.13473,0.16808,0.14819,0.13377,0.14607,0.13772,0.12994,0.13774,0.21349,0.27063,0.26143,0.23195,0.23148,0.15682,0.15819,0.14909,0.20219,0.1394,0.1183,0.13807,0.13496,0.11676,0.19118,0.15135,0.15119,0.14279,0.1175,0.1222,0.1393,0.19105,0.14967,0.15111,0.16365,0.13281,0.12718,0.147,0.14702,0.11889,0.12781,0.16131,0.12733,0.11779,0.1263,0.12696,0.14219,0.17459,0.11213,0.14241,0.17708,0.18169,0.19239,0.28762,0.22626,0.27098,0.30385,0.35259,0.53756,0.2893,0.25901,0.20848,0.22191,0.23057,0.22801,0.24004,0.37726,0.49835,0.56237,0.80863,0.55061,0.42454,0.28851,0.30172,0.25262,0.32089,0.28787,0.23331,0.19493,0.16441,0.19849,0.18112,0.18437,0.15849,0.14675,0.16763,0.12695,0.16623,0.19002,0.18115,0.20136,0.28306,0.31588,0.23335,0.21667,0.256,0.17297,0.14033,0.12381,0.1132,0.12406,0.12257,0.14408,0.13976,0.13981,0.13697,0.12617,0.13509,0.16575,0.12654,0.14036,0.16985,0.16722,0.14274,0.15296,0.13199,0.14075,0.12748,0.14994,0.13787,0.18549,0.19852,0.20239,0.19211,0.18833,0.14473,0.17199,0.13888,0.17573,0.14383,0.13558,0.1567,0.1759,0.13518,0.13381,0.12607,0.12373,0.12981,0.1182,0.12398,0.16907,0.13726,0.17272,0.14224,0.14181,0.17345,0.18713,0.15129,0.14643,0.13094,0.14838,0.13797,0.15482,0.14213,0.12181,0.11939,0.13039,0.16343,0.12098,0.17375,0.23835,0.22172,0.2138
0.1802,0.19242,0.17106,0.17012,0.26708,0.27099,0.32429,0.21299,0.24311,0.36128,0.41339,0.24975,0.25735,0.32213,0.26,0.28876,0.29603,0.38515,0.24978,0.73655,0,0.70603,0.3459,0.43131,0.28842,0.23058,0.20928,0.17075,0.17537,0.22091,0.18556,0.18302,0.16968,0.15834,0.14468,0.20206,0.23115,0.2421,0.23482,0.38373,0.75476,0.35217,0.30194,0.34134,0.15414,0.12121,0.12358,0.1412,0.1688,0.14282,0.18964,0.14135,0.15077,0.13256,0.1816,0.13939,0.12913,0.17503,0.13904,0.17484,0.17977,0.15949,0.14798,0.13942,0.14886,0.13944,0.22451,0.32136,0.27219,0.24502,0.25738,0.16269,0.17199,0.17244,0.24796,0.15972,0.12535,0.14929,0.1364,0.11998,0.17324,0.17561,0.16964,0.14368,0.12076,0.12574,0.14391,0.19983,0.155,0.16943,0.14532,0.12047,0.12576,0.15335,0.1745,0.14065,0.1315,0.13516,0.15394,0.14021,0.13008,0.12016,0.15233,0.15322,0.11671,0.17654,0.23313,0.24119,0.18683,0.27536,0.21287,0.1981,0.23134,0.24434,0.34205,0.22124,0.29355,0.27793,0.22636,0.25061,0.32013,0.2553,0.48374,0.33331,0.31889,0.71868,0.69048,0.86447,0.33984,0.36071,0.25839,0.33027,0.29539,0.23823,0.21944,0.17435,0.20584,0.18239,0.17641,0.15673,0.15073,0.17015,0.12588,0.16871,0.21427,0.1872,0.21747,0.29488,0.33773,0.25527,0.23543,0.28261,0.17566,0.14209,0.13306,0.11555,0.13396,0.13222,0.17362,0.16739,0.15251,0.14913,0.13507,0.14691,0.17862,0.14877,0.14504,0.17675,0.1739,0.14759,0.15866,0.1352,0.13959,0.1327,0.1541,0.14138,0.1964,0.21416,0.21868,0.20671,0.20235,0.14859,0.17342,0.15905,0.18975,0.15967,0.14187,0.16327,0.19218,0.13607,0.14074,0.13204,0.14423,0.14,0.12197,0.14303,0.18029,0.16381,0.21699,0.14977,0.133,0.15185,0.16526,0.15871,0.14835,0.14838,0.17707,0.13967,0.15697,0.14395,0.13062,0.12372,0.15412,0.20253,0.14115,0.21862,0.33174,0.24058,0.28748
0.21132,0.2446,0.19199,0.1772,0.20987,0.19583,0.27099,0.20055,0.24893,0.34609,0.47775,0.35627,0.27027,0.37698,0.41157,0.38088,0.31692,0.31179,0.21671,0.39981,0.70603,0,0.49178,0.4689,0.29664,0.23581,0.23261,0.21897,0.23333,0.28102,0.19219,0.22757,0.22335,0.18562,0.16499,0.20607,0.2364,0.24787,0.24025,0.39843,0.81382,0.36451,0.31097,0.31546,0.1827,0.13357,0.12698,0.1648,0.17381,0.1657,0.20213,0.14818,0.17797,0.15185,0.18483,0.13622,0.13849,0.16797,0.13454,0.16779,0.19095,0.16823,0.18421,0.16834,0.15734,0.16121,0.21302,0.32166,0.22558,0.23139,0.30571,0.15656,0.15793,0.14886,0.18351,0.16212,0.13789,0.165,0.1583,0.13924,0.14953,0.14063,0.15096,0.13209,0.13339,0.12361,0.1391,0.19067,0.15312,0.20861,0.16938,0.13656,0.1523,0.1959,0.1992,0.1474,0.13662,0.1467,0.16206,0.16345,0.12614,0.13683,0.18016,0.18457,0.13238,0.21504,0.3053,0.32921,0.17608,0.23144,0.19206,0.19095,0.18709,0.18736,0.23042,0.18217,0.29926,0.31641,0.32013,0.38852,0.44509,0.31897,0.34494,0.22642,0.23368,0.35615,0.44655,0.91599,0.65524,0.7375,0.30903,0.41512,0.30403,0.24926,0.31841,0.23152,0.21457,0.18565,0.17946,0.16872,0.15537,0.17696,0.14401,0.20296,0.21953,0.19238,0.2245,0.24095,0.33544,0.265,0.22572,0.23097,0.17868,0.14982,0.13422,0.11826,0.136,0.1342,0.17561,0.16923,0.15516,0.15166,0.15282,0.14937,0.20063,0.15023,0.14445,0.17837,0.16693,0.14253,0.15272,0.15096,0.15656,0.15476,0.17906,0.16118,0.18684,0.20357,0.18668,0.18079,0.17443,0.14127,0.16712,0.14366,0.19212,0.16134,0.14319,0.16502,0.19462,0.13578,0.12664,0.13216,0.14559,0.14129,0.12295,0.14438,0.15778,0.16558,0.2201,0.15124,0.15098,0.18735,0.20102,0.19131,0.18359,0.15988,0.17913,0.17048,0.19699,0.17689,0.14648,0.14299,0.15569,0.20523,0.14246,0.22177,0.33906,0.2444,0.29296
0.1949,0.22286,0.17834,0.16551,0.21701,0.16176,0.18884,0.15171,0.17786,0.26656,0.52218,0.77166,0.5967,0.64766,0.5163,0.49456,0.38693,0.26945,0.23564,0.23921,0.3459,0.49178,0,0.42446,0.32163,0.26332,0.39137,0.27424,0.27803,0.51383,0.22206,0.30731,0.25098,0.20431,0.22478,0.28613,0.17578,0.19506,0.19769,0.243,0.35285,0.2607,0.21392,0.20941,0.16169,0.15179,0.15619,0.18717,0.19596,0.22104,0.20968,0.17295,0.14335,0.16775,0.15132,0.14636,0.16753,0.15564,0.15603,0.13222,0.23739,0.20632,0.2394,0.21776,0.18527,0.21783,0.15874,0.19447,0.16415,0.16872,0.18939,0.12512,0.12822,0.12847,0.16619,0.14478,0.12562,0.16143,0.14276,0.16101,0.12892,0.13023,0.12692,0.12384,0.15324,0.14432,0.13934,0.14599,0.14431,0.19259,0.15867,0.15506,0.1853,0.24192,0.24967,0.15138,0.1586,0.1386,0.17924,0.13538,0.14327,0.12977,0.16529,0.17192,0.13851,0.16646,0.21586,0.29101,0.16592,0.20448,0.17311,0.17221,0.16907,0.15187,0.18606,0.17342,0.24542,0.3263,0.33025,0.32846,0.39776,0.25637,0.2455,0.21242,0.18118,0.25752,0.25893,0.54798,0.45236,0.79353,0.44193,0.50266,0.27074,0.2534,0.47775,0.27842,0.27836,0.21647,0.21238,0.20493,0.18627,0.19249,0.16959,0.25776,0.2477,0.20927,0.24784,0.22587,0.30693,0.29815,0.23372,0.21443,0.17509,0.15353,0.1508,0.13535,0.14631,0.14423,0.16545,0.16283,0.16872,0.16459,0.15509,0.16189,0.15257,0.14426,0.1702,0.15487,0.1544,0.1425,0.13107,0.17932,0.18727,0.17579,0.2204,0.19392,0.19536,0.20804,0.17365,0.16732,0.16483,0.13075,0.15259,0.13279,0.17316,0.14776,0.14898,0.15084,0.17519,0.12603,0.1215,0.1229,0.13444,0.14136,0.12581,0.1334,0.14989,0.1513,0.19557,0.14368,0.15319,0.19078,0.21211,0.19616,0.18688,0.16236,0.16254,0.17331,0.20077,0.17994,0.14857,0.14497,0.143,0.18374,0.13176,0.19689,0.28416,0.22525,0.29771
